Eigenvalues
-8.309807987873405466e+00
-8.238624802134227210e+00
-8.166348467885962137e+00
-8.123238000529342528e+00
-8.070054538936178190e+00
-8.026671794409192984e+00
-7.994048025865121865e+00
-7.964557199879734206e+00
-7.936864579862512592e+00
-7.910509380181918182e+00
-7.891817652530339622e+00
-7.864384194502409997e+00
-7.846705235624037655e+00
-7.820465399239206583e+00
-7.803620555677023951e+00
-7.784902204322485808e+00
-7.765661140175785349e+00
-7.748305746056832533e+00
-7.736419783747201073e+00
-7.725926322321575057e+00
-7.708072246738302269e+00
-7.694745158726747469e+00
-7.680639869319713320e+00
-7.666789389473426475e+00
-7.650123814571738734e+00
-7.638490296347800523e+00
-7.623403320379011916e+00
-7.605942347960124472e+00
-7.598380569783205196e+00
-7.586272870065037033e+00
-7.573252498688727741e+00
-7.564600563028432312e+00
-7.548283071432638991e+00
-7.535596207574814187e+00
-7.523979600923485833e+00
-7.512149553998320961e+00
-7.503870814799763700e+00
-7.493083886295849538e+00
-7.481177649683060871e+00
-7.469891813601450714e+00
-7.463349314047254879e+00
-7.449713600431815408e+00
-7.442994912484335757e+00
-7.431328299285326011e+00
-7.422146801629565083e+00
-7.413325974080029468e+00
-7.402424864788098802e+00
-7.390176678643333830e+00
-7.381128183892818662e+00
-7.372797193805078919e+00
-7.362995277316987774e+00
-7.356714751155996268e+00
-7.343458320825616781e+00
-7.335820012400388279e+00
-7.329753419979424756e+00
-7.319249784743681708e+00
-7.308613743701845245e+00
-7.297973198818642260e+00
-7.285652780400004858e+00
-7.277718474977421970e+00
-7.266557114961700314e+00
-7.258553693893835757e+00
-7.250260914803581258e+00
-7.241535852144518337e+00
-7.231368426599238397e+00
-7.223547577975450551e+00
-7.216115957985592466e+00
-7.204768182281453548e+00
-7.194840428237220031e+00
-7.184206116386127938e+00
-7.174817384004525955e+00
-7.165150032601305341e+00
-7.157638843292058795e+00
-7.150105560023376938e+00
-7.141299835241436078e+00
-7.134431302926087959e+00
-7.125856970604131035e+00
-7.117843258748388635e+00
-7.109996726168005488e+00
-7.101223120747133244e+00
-7.094108705742677934e+00
-7.084696462906364012e+00
-7.074924880683366446e+00
-7.066820013005479240e+00
-7.056663218291168604e+00
-7.046476449663169106e+00
-7.039214835953814919e+00
-7.030076918138629338e+00
-7.021499103370413053e+00
-7.010384194969642380e+00
-7.002811603946922148e+00
-6.993953026955828101e+00
-6.986412369181629778e+00
-6.975425581575134260e+00
-6.968486421056398150e+00
-6.958595624876271479e+00
-6.953041843988629012e+00
-6.946005575852667313e+00
-6.936542357450037777e+00
-6.928642238610228432e+00
-6.923495221184645665e+00
-6.913055691641917022e+00
-6.906176850378412446e+00
-6.899540167413023894e+00
-6.890539726604890447e+00
-6.881407787378096330e+00
-6.870921781627117753e+00
-6.863757945349578726e+00
-6.855117404993768204e+00
-6.848861209497970393e+00
-6.841890332406196151e+00
-6.831881491735120271e+00
-6.825036386684881329e+00
-6.816678955801835471e+00
-6.808613458410672337e+00
-6.799961412505840741e+00
-6.791993795675163703e+00
-6.784511839511089271e+00
-6.778636199450535749e+00
-6.771024618537373030e+00
-6.764373110676060286e+00
-6.755524506450290012e+00
-6.750877613190768400e+00
-6.742339310773716399e+00
-6.731465932077083103e+00
-6.724572855653559778e+00
-6.715729751700465044e+00
-6.708970900184726638e+00
-6.699156843958378182e+00
-6.691184792631251987e+00
-6.682371280371622646e+00
-6.673722466835994460e+00
-6.667142577023885686e+00
-6.659029122645810261e+00
-6.649544266592546826e+00
-6.643536867458114337e+00
-6.635116175198378485e+00
-6.628019745655523209e+00
-6.621858444657902965e+00
-6.615476454051435695e+00
-6.606220023325977131e+00
-6.596584157291051298e+00
-6.591332019618213245e+00
-6.586596067225269913e+00
-6.578192876684325618e+00
-6.572160752773541503e+00
-6.563706014036844394e+00
-6.556254206616205060e+00
-6.549975839504559083e+00
-6.544204021367151292e+00
-6.537096733226722023e+00
-6.531381894078580608e+00
-6.523283363298631343e+00
-6.515721959968954202e+00
-6.506397416349574137e+00
-6.500340783176477011e+00
-6.492031053747821190e+00
-6.486400931856590724e+00
-6.480557227380655760e+00
-6.473533572275127490e+00
-6.463693350943606752e+00
-6.457045822238980826e+00
-6.450383967370455274e+00
-6.440098062235122711e+00
-6.431318496212503177e+00
-6.423711438216441749e+00
-6.416432585263132538e+00
-6.409936356672131907e+00
-6.403736397240247236e+00
-6.398104189691906640e+00
-6.392150063701545371e+00
-6.384795939099251250e+00
-6.378534126112956670e+00
-6.369147794568856824e+00
-6.362691087998623374e+00
-6.354567846713240264e+00
-6.348277260719381587e+00
-6.341842123212895643e+00
-6.337823597037259837e+00
-6.330400843086210649e+00
-6.323488702924338511e+00
-6.314242408163681652e+00
-6.307702284943622395e+00
-6.299578909790517933e+00
-6.292207485257990562e+00
-6.286929838179546870e+00
-6.278895909668079867e+00
-6.271760179697738025e+00
-6.266460752860781191e+00
-6.259724154654281669e+00
-6.253196457138773923e+00
-6.246589002873506047e+00
-6.238882549526141297e+00
-6.229721064512012241e+00
-6.221914169902308167e+00
-6.217070005610833228e+00
-6.207769464474978349e+00
-6.202121911085183292e+00
-6.194998477905367729e+00
-6.186698179332166703e+00
-6.179332488530609346e+00
-6.173066257915760247e+00
-6.166160685282638276e+00
-6.159829456094866984e+00
-6.151044531804950921e+00
-6.144383521517233326e+00
-6.138069928633312244e+00
-6.131713080418137451e+00
-6.126481186388861744e+00
-6.120415922558523292e+00
-6.112007691870131154e+00
-6.105105961363146427e+00
-6.097465531784868276e+00
-6.092126747179045232e+00
-6.085621310695455755e+00
-6.078800150777653677e+00
-6.071341702052406752e+00
-6.064587688998373416e+00
-6.058175786116472672e+00
-6.050074120149804280e+00
-6.040442521329557835e+00
-6.034218945547999091e+00
-6.029337169081616210e+00
-6.021978540701579341e+00
-6.015402274233140112e+00
-6.008356547057739583e+00
-6.000816298250625458e+00
-5.994483547680174773e+00
-5.986668336502859233e+00
-5.980674149000811290e+00
-5.972844129245938660e+00
-5.967004472432827278e+00
-5.959716136111583573e+00
-5.951578646000905692e+00
-5.946608792206302674e+00
-5.939696859849296295e+00
-5.932734753267245864e+00
-5.924778733562806821e+00
-5.918526295926820779e+00
-5.911176543717205689e+00
-5.904432534736941740e+00
-5.898531889876722722e+00
-5.891489063644428370e+00
-5.884640605384214851e+00
-5.877815206813186144e+00
-5.871441533544564884e+00
-5.864858787713017385e+00
-5.857861123679659165e+00
-5.851708641845361214e+00
-5.844637970009577188e+00
-5.837587499687149517e+00
-5.830529946035358790e+00
-5.824037758077838411e+00
-5.816219204123603603e+00
-5.811134046404579756e+00
-5.805365398236082441e+00
-5.798604249703674718e+00
-5.792070849720204251e+00
-5.785275792077988477e+00
-5.780044765508682403e+00
-5.771898356065215729e+00
-5.766375084445991561e+00
-5.760719319146549111e+00
-5.754472889697411553e+00
-5.747474853733838707e+00
-5.741169995766871814e+00
-5.736108806191452025e+00
-5.729809194983008780e+00
-5.722589488117380441e+00
-5.714954119323138571e+00
-5.710347655208081186e+00
-5.702806859432979714e+00
-5.697435982494789997e+00
-5.690581554499519967e+00
-5.683024732247853983e+00
-5.675957925017497629e+00
-5.669322992277542994e+00
-5.662895812513118798e+00
-5.657578098472389350e+00
-5.652412590931837677e+00
-5.643276163777357191e+00
-5.638074487052733730e+00
-5.630627244088575623e+00
-5.625297421095074135e+00
-5.620913854330780168e+00
-5.614955310247367493e+00
-5.607590402849765177e+00
-5.601566140627651791e+00
-5.594839378786328865e+00
-5.588098930699047173e+00
-5.581380220445969265e+00
-5.574506026232248779e+00
-5.568168365649858842e+00
-5.562426814737166048e+00
-5.556731888387364648e+00
-5.548980307678744950e+00
-5.543694124948882695e+00
-5.535546046334138381e+00
-5.528991161963613621e+00
-5.522484580276963761e+00
-5.517313171691780482e+00
-5.511218210959071939e+00
-5.503773108106839729e+00
-5.497486422386731242e+00
-5.490101592060829816e+00
-5.484005317614612629e+00
-5.479221072650590330e+00
-5.471125551889923777e+00
-5.465143661882669868e+00
-5.459101738484383404e+00
-5.452691059026140152e+00
-5.445620719206669236e+00
-5.439874103033279340e+00
-5.432672926265778024e+00
-5.427435018510408327e+00
-5.420943877024564372e+00
-5.414962617540487244e+00
-5.409697897335319361e+00
-5.402449241755594933e+00
-5.396747784914693646e+00
-5.392356959429733365e+00
-5.386681831727262448e+00
-5.381278738040308873e+00
-5.374528314830042675e+00
-5.369573767300827249e+00
-5.363765613080657246e+00
-5.358982676165581438e+00
-5.353397404451170516e+00
-5.348169786663032887e+00
-5.340461819341158822e+00
-5.332938419591811474e+00
-5.328608748830841790e+00
-5.322853487605868850e+00
-5.315916057166305109e+00
-5.308268459414099638e+00
-5.302967590583637758e+00
-5.297207151668296810e+00
-5.291488018216084832e+00
-5.286230495158762643e+00
-5.279601929251066750e+00
-5.274597445065093204e+00
-5.269364388884137718e+00
-5.263163882673540073e+00
-5.256307122967503354e+00
-5.250944535032711968e+00
-5.243207348526948586e+00
-5.237929844351271846e+00
-5.231454562872422720e+00
-5.225770223314524010e+00
-5.220055757694272103e+00
-5.211913479518562653e+00
-5.205854320850347605e+00
-5.200549868500520923e+00
-5.196100400590434987e+00
-5.188982728006163114e+00
-5.183975013073212956e+00
-5.176230802800501074e+00
-5.169649114310204574e+00
-5.164823040504447960e+00
-5.158837936183886086e+00
-5.152004169263528333e+00
-5.145317080970900570e+00
-5.139640001149899717e+00
-5.134558803713558994e+00
-5.129153084342626734e+00
-5.123945401145386214e+00
-5.117623921071159820e+00
-5.112405621349842555e+00
-5.105367265493796047e+00
-5.098170794595398903e+00
-5.090415305115405964e+00
-5.084612023266091185e+00
-5.079037978278480914e+00
-5.073076408192167541e+00
-5.066850102661198285e+00
-5.060865273433273082e+00
-5.054688207659983057e+00
-5.049196534088199684e+00
-5.043715128107614909e+00
-5.038756944483467670e+00
-5.033252656221441690e+00
-5.025461740878808925e+00
-5.020235118287721399e+00
-5.014360343409293819e+00
-5.007328322112938324e+00
-5.001870240874552564e+00
-4.993416385046311134e+00
-4.988610713984373390e+00
-4.982990356761840545e+00
-4.977434342944173196e+00
-4.971272024240769305e+00
-4.964537316012804347e+00
-4.959085446032216460e+00
-4.952479107096454669e+00
-4.947068403870852116e+00
-4.941746116983741111e+00
-4.934804158837037491e+00
-4.929437062837143557e+00
-4.922291037729675800e+00
-4.915937135442065120e+00
-4.909500233077594977e+00
-4.903338748904502609e+00
-4.897874533614098524e+00
-4.891676864994758844e+00
-4.887137329738480140e+00
-4.881396488124893018e+00
-4.876015639454389650e+00
-4.870690185941806583e+00
-4.863369086173173095e+00
-4.857977114305615629e+00
-4.853058404003014026e+00
-4.848296570686553508e+00
-4.842544934241988841e+00
-4.837821365333651258e+00
-4.832745155277823557e+00
-4.827633210141362596e+00
-4.821385946878439910e+00
-4.813588646021597306e+00
-4.808387060659125467e+00
-4.802458580739354055e+00
-4.797445688503674255e+00
-4.791210925470378967e+00
-4.785167566179132415e+00
-4.779417064992398601e+00
-4.771875275737921918e+00
-4.765255954907396507e+00
-4.758667497910981758e+00
-4.754340254966757051e+00
-4.748177311499947706e+00
-4.742319005087441752e+00
-4.738352109603197526e+00
-4.733551590091935601e+00
-4.728680975534688358e+00
-4.724261509228271372e+00
-4.718101681694625071e+00
-4.713738435334938082e+00
-4.707392179860092618e+00
-4.702359944234093980e+00
-4.696514749329560701e+00
-4.690606454263721581e+00
-4.686032275244623513e+00
-4.680123288549108196e+00
-4.674727236969673960e+00
-4.667534001347097394e+00
-4.661095336070947504e+00
-4.654242030487071524e+00
-4.648343494263357023e+00
-4.641930461728008162e+00
-4.638673032787289152e+00
-4.631822243968279018e+00
-4.626698034150778405e+00
-4.620893100153399047e+00
-4.616152314496371645e+00
-4.608775972470767535e+00
-4.602147593874320819e+00
-4.596387214664533261e+00
-4.591543697663865942e+00
-4.585186684822835979e+00
-4.578338792846255778e+00
-4.573194137907855783e+00
-4.568602757380328505e+00
-4.563870814996487724e+00
-4.557882130137499210e+00
-4.554023005950418757e+00
-4.547878345551807477e+00
-4.541412715713631698e+00
-4.536172206129801765e+00
-4.531755523797271756e+00
-4.524743523261177458e+00
-4.519361835200028210e+00
-4.514099721334420501e+00
-4.508024677962280791e+00
-4.502573613036192413e+00
-4.495426887782121739e+00
-4.491209080488118843e+00
-4.485297753837454771e+00
-4.478862082105052878e+00
-4.473458571763090141e+00
-4.466923246780220680e+00
-4.462095918709983344e+00
-4.457032386158557458e+00
-4.451368264857160639e+00
-4.447096529174735302e+00
-4.441746423372675778e+00
-4.437345237009666654e+00
-4.431342396148957086e+00
-4.424546177589464335e+00
-4.419584081773766826e+00
-4.414118843680830295e+00
-4.408004543984590740e+00
-4.402630543854791689e+00
-4.396689043485095816e+00
-4.390244662758904681e+00
-4.382481685813313099e+00
-4.377827233155197284e+00
-4.372294360601943986e+00
-4.367353809771448603e+00
-4.361779192079493050e+00
-4.357352310074654511e+00
-4.351894592018201280e+00
-4.346902173378956569e+00
-4.341376955163652518e+00
-4.335869046559071904e+00
-4.329331363411678346e+00
-4.324441234801909673e+00
-4.319812989804814762e+00
-4.314086276293993549e+00
-4.309692435362803664e+00
-4.304204478064417749e+00
-4.300314722428026037e+00
-4.294778906178861710e+00
-4.287381493383808362e+00
-4.281088022824508954e+00
-4.276511681276940813e+00
-4.270396841993929549e+00
-4.264210650348545961e+00
-4.258344931807299893e+00
-4.252768337013131728e+00
-4.248347415326414911e+00
-4.243070347941702458e+00
-4.238500049962266480e+00
-4.232808176354913243e+00
-4.227707499697600291e+00
-4.221100234110587657e+00
-4.215749504128148750e+00
-4.209820672525468765e+00
-4.204861993895895544e+00
-4.199392706913289253e+00
-4.194028369360402131e+00
-4.189070347045269926e+00
-4.184401078977159294e+00
-4.180352711908720487e+00
-4.176168654789381485e+00
-4.170157310360661285e+00
-4.162884982189592797e+00
-4.157641827858628680e+00
-4.150838586148166698e+00
-4.145172080610574739e+00
-4.140610385875360677e+00
-4.135125055462678390e+00
-4.130958783668047474e+00
-4.126902156360428009e+00
-4.120749112587207996e+00
-4.115754391673752899e+00
-4.110471991836988082e+00
-4.105661844282264994e+00
-4.098735203818393735e+00
-4.095826068289483146e+00
-4.091945862453327365e+00
-4.085418904867950118e+00
-4.080513513731255593e+00
-4.074748483761677420e+00
-4.070376445333716120e+00
-4.065278185189316495e+00
-4.060717586040428984e+00
-4.054985276316219966e+00
-4.048745226444437684e+00
-4.044134308070849393e+00
-4.038308203851279643e+00
-4.032815713094050736e+00
-4.027413786385150907e+00
-4.022084266325815172e+00
-4.017139993023169708e+00
-4.011321505141448363e+00
-4.005778972596095500e+00
-4.001003412913874513e+00
-3.994297871434199010e+00
-3.987976443368446589e+00
-3.984715476726078620e+00
-3.979528390457225395e+00
-3.975603412306361939e+00
-3.971548084666104206e+00
-3.967694731422753307e+00
-3.961911289882730003e+00
-3.955791056042383236e+00
-3.950671067953278381e+00
-3.945617265676479857e+00
-3.941705723282697971e+00
-3.937148607892753116e+00
-3.931216066363996564e+00
-3.926268691173625758e+00
-3.920703958688212420e+00
-3.915391845764724099e+00
-3.910153415794133558e+00
-3.905542571921134520e+00
-3.900554251837215602e+00
-3.895512443834804106e+00
-3.889657886288384159e+00
-3.883427803574403647e+00
-3.878558049238447492e+00
-3.872529543143497399e+00
-3.867669325952038051e+00
-3.861870218179942249e+00
-3.857626097111204633e+00
-3.852737464491684527e+00
-3.848150254474343335e+00
-3.843808834030912447e+00
-3.838615675450498088e+00
-3.834459339710599046e+00
-3.829307404123282854e+00
-3.823299853318894659e+00
-3.817984273010272211e+00
-3.813842563558976106e+00
-3.808180410459333753e+00
-3.803521248419985845e+00
-3.799135249519507873e+00
-3.794356608528305586e+00
-3.790371488119596233e+00
-3.785264071947549436e+00
-3.779935720092699736e+00
-3.774323116752436480e+00
-3.770405484158547260e+00
-3.766212239073676749e+00
-3.760571662602986365e+00
-3.756566626635120087e+00
-3.751564105620306400e+00
-3.746853694378283972e+00
-3.742011860495508824e+00
-3.737567641033102461e+00
-3.731740914198464321e+00
-3.725932813129408494e+00
-3.720529803560201021e+00
-3.716536403878405004e+00
-3.711586510196790645e+00
-3.707545286557707431e+00
-3.703418311064383239e+00
-3.697438752658801953e+00
-3.692291767035617678e+00
-3.687243478408180675e+00
-3.683461337848621842e+00
-3.678258996514237822e+00
-3.673756407466620022e+00
-3.667829983160803220e+00
-3.663018072946123471e+00
-3.658873423554884319e+00
-3.655019871871148407e+00
-3.649664526957554944e+00
-3.644582412670053895e+00
-3.640439780640031042e+00
-3.637492475620760946e+00
-3.632546253876112630e+00
-3.628632834988247957e+00
-3.623269588546480957e+00
-3.618622658035679063e+00
-3.614195165001115928e+00
-3.610047201243556270e+00
-3.605080873386918405e+00
-3.600050483439636739e+00
-3.595979983832903848e+00
-3.590624797153293635e+00
-3.586612904957470427e+00
-3.582285133987085146e+00
-3.578079207335507217e+00
-3.571998707053595901e+00
-3.568862287398734789e+00
-3.563320449751885111e+00
-3.559165581208856288e+00
-3.555003933225850954e+00
-3.550150965092559563e+00
-3.545423473622477228e+00
-3.540737731215858997e+00
-3.536367056808342291e+00
-3.532404515193969807e+00
-3.526659366018595865e+00
-3.522528676777984646e+00
-3.517816019182360421e+00
-3.512906774874776428e+00
-3.508111749946565716e+00
-3.503768578705814374e+00
-3.498438065521547458e+00
-3.493433276341052718e+00
-3.489615992796458066e+00
-3.483852277710219880e+00
-3.479647448050871006e+00
-3.475531141435423965e+00
-3.471381171560116385e+00
-3.466104877721394306e+00
-3.461405110328577450e+00
-3.457208376136098327e+00
-3.453876217731740361e+00
-3.448864905607932574e+00
-3.443995683594591739e+00
-3.438964875566097312e+00
-3.434245764137488166e+00
-3.429037314588901708e+00
-3.425249989503231784e+00
-3.420640643729789154e+00
-3.416731393155968188e+00
-3.411742885636249500e+00
-3.407078585422131045e+00
-3.402889398084121719e+00
-3.398433723396807160e+00
-3.393617818847189049e+00
-3.388626100526090923e+00
-3.385251671527073292e+00
-3.380250838360082000e+00
-3.376803985647144568e+00
-3.372907334959950099e+00
-3.367232315600398707e+00
-3.363919815086137355e+00
-3.358439593274725521e+00
-3.354785879482092170e+00
-3.350634463268531427e+00
-3.346034670030146874e+00
-3.341004009274030739e+00
-3.337282772071224368e+00
-3.333344454055922501e+00
-3.329313991527154126e+00
-3.325532633001644367e+00
-3.321347357346159601e+00
-3.317257495905282738e+00
-3.313150039065250407e+00
-3.308819913653610278e+00
-3.304736398889536186e+00
-3.299801837473500310e+00
-3.294500746271177061e+00
-3.289603232261242738e+00
-3.285751631154136820e+00
-3.280280712386056230e+00
-3.275458981789803659e+00
-3.270879745166927144e+00
-3.266465036102290664e+00
-3.261812685718815441e+00
-3.257942073342397382e+00
-3.253558849267602859e+00
-3.248354833624737648e+00
-3.243095608902935911e+00
-3.239378489142193285e+00
-3.235341987690581345e+00
-3.231803991065815840e+00
-3.227504956993144880e+00
-3.223750910712502638e+00
-3.219716767678704183e+00
-3.214993834789122484e+00
-3.210763250742346031e+00
-3.206332413788409053e+00
-3.201344722267223997e+00
-3.197233526877859777e+00
-3.192387594617115631e+00
-3.188198159803593335e+00
-3.184045573517660266e+00
-3.179017457328366270e+00
-3.174889094397833400e+00
-3.171693913967260414e+00
-3.167437139220275366e+00
-3.163278854958270436e+00
-3.159045613263895103e+00
-3.154385285339007527e+00
-3.150592975897305692e+00
-3.147161245145392083e+00
-3.142649783339278358e+00
-3.137709239756366397e+00
-3.133701453291471317e+00
-3.128897062704889542e+00
-3.124654030448525077e+00
-3.120383703093893235e+00
-3.115653210251657423e+00
-3.112231080993489662e+00
-3.108669584672564934e+00
-3.103670634218216762e+00
-3.099815560576073104e+00
-3.095733584599747346e+00
-3.092030506942434531e+00
-3.088104041804427435e+00
-3.084056974370465110e+00
-3.080527176794866318e+00
-3.077123540764829634e+00
-3.072438166511593405e+00
-3.068703051313207641e+00
-3.062823725845924550e+00
-3.059569558588079108e+00
-3.055731641273342181e+00
-3.051302135251387604e+00
-3.047125437278774385e+00
-3.042246801541259593e+00
-3.037203834472665953e+00
-3.032786701248620709e+00
-3.027764823272439010e+00
-3.023973483309468691e+00
-3.019701687448844041e+00
-3.015368198664058141e+00
-3.011109509443860244e+00
-3.006687391352588001e+00
-3.003363793271840443e+00
-3.000083836370526669e+00
-2.994868826584793364e+00
-2.990799581932228612e+00
-2.986782113846507603e+00
-2.981716112086467696e+00
-2.978315752553088558e+00
-2.973729711536321485e+00
-2.970341252595112280e+00
-2.966324657683196975e+00
-2.962169517193275592e+00
-2.957677115670085843e+00
-2.953217883174041880e+00
-2.949282115631993495e+00
-2.945736551768400879e+00
-2.941727005460797351e+00
-2.937354810938045624e+00
-2.934672382164296156e+00
-2.930822371358235312e+00
-2.927659280882621395e+00
-2.923513743734102555e+00
-2.919182855322625336e+00
-2.914145747044081247e+00
-2.909929766381594618e+00
-2.905008937562178151e+00
-2.900021659707710864e+00
-2.895523045341447776e+00
-2.891639495431469697e+00
-2.887599392462552039e+00
-2.883414537374643150e+00
-2.879473603436071283e+00
-2.875535391664916229e+00
-2.870196533948829121e+00
-2.865456147690208066e+00
-2.862003705193374881e+00
-2.856857028699925305e+00
-2.851915280698945399e+00
-2.848893330840092109e+00
-2.844883714229442084e+00
-2.840854846396513089e+00
-2.837209080371724479e+00
-2.833095090825088036e+00
-2.829667274326191695e+00
-2.824979007093626038e+00
-2.819962361595055977e+00
-2.816907386242845757e+00
-2.812255701435024680e+00
-2.808524665287912114e+00
-2.803855856577958328e+00
-2.800367605457605880e+00
-2.796985296861160375e+00
-2.792849654786038194e+00
-2.788240734873137061e+00
-2.784602358536403699e+00
-2.780840460545207726e+00
-2.777088540934711691e+00
-2.773066367641385366e+00
-2.769228632329631790e+00
-2.765655510805385298e+00
-2.761605494771615987e+00
-2.756982131202806219e+00
-2.753462795925207818e+00
-2.749529218418037324e+00
-2.745411465572885845e+00
-2.741857847551419702e+00
-2.737955006456090246e+00
-2.733786878650960706e+00
-2.729878060019070407e+00
-2.726965882402756503e+00
-2.723387133467425336e+00
-2.720124710064208973e+00
-2.715911880941776602e+00
-2.712787610036872632e+00
-2.708292364662975960e+00
-2.703880466581352060e+00
-2.699820629270319738e+00
-2.696349130982925502e+00
-2.692905485315743253e+00
-2.689556916520488006e+00
-2.684862383924015106e+00
-2.681589968406572488e+00
-2.676662022409838748e+00
-2.672355307291551352e+00
-2.667988620976228908e+00
-2.664276476238540248e+00
-2.659765330465237998e+00
-2.656513177625681621e+00
-2.652807033181424856e+00
-2.648750756660787076e+00
-2.644461187068583019e+00
-2.641137004821774603e+00
-2.637396278210641931e+00
-2.633328248136806327e+00
-2.630164580150565090e+00
-2.626075775404926205e+00
-2.622538863448700130e+00
-2.618960475624236839e+00
-2.614293418695038618e+00
-2.610865505665569852e+00
-2.605275978520066982e+00
-2.601396774952573043e+00
-2.598067687456065755e+00
-2.595033800624273024e+00
-2.591484302553069163e+00
-2.586496288169006785e+00
-2.582916607857549618e+00
-2.578638558715208084e+00
-2.575238592193488163e+00
-2.572497985380095109e+00
-2.568268523317432717e+00
-2.564611054491087838e+00
-2.559385693205977308e+00
-2.555763845894127861e+00
-2.552562341378289190e+00
-2.547954700284292606e+00
-2.543927072290333324e+00
-2.540130847107049394e+00
-2.535748694842032247e+00
-2.532509439293629594e+00
-2.528949959431085137e+00
-2.525884578882517939e+00
-2.522799157334278508e+00
-2.519359130460380847e+00
-2.515852468234877737e+00
-2.512186614737581980e+00
-2.509521846184852745e+00
-2.505233315290587459e+00
-2.501673139532957446e+00
-2.497998111784039743e+00
-2.493779935156971828e+00
-2.490558852638541598e+00
-2.486786472181020446e+00
-2.482933763904533020e+00
-2.478843259648704667e+00
-2.474559024173569988e+00
-2.470101623486172571e+00
-2.467065916731983943e+00
-2.463168010372457584e+00
-2.459287945591245084e+00
-2.455854734729900901e+00
-2.452962478799256996e+00
-2.448770101132119681e+00
-2.445173658973877284e+00
-2.442114141497570223e+00
-2.437775154915192033e+00
-2.434269406265271218e+00
-2.429813361546575567e+00
-2.424831763931269091e+00
-2.421329666360400257e+00
-2.417040784168462686e+00
-2.413018406326927323e+00
-2.409674095702797558e+00
-2.406252272838767858e+00
-2.402628064782500239e+00
-2.398698756611055138e+00
-2.394267852730715962e+00
-2.389974101425908604e+00
-2.386275767722378038e+00
-2.383343047168829276e+00
-2.379986401807477225e+00
-2.377167961265428620e+00
-2.373843028624695872e+00
-2.370242613318892744e+00
-2.367199796020284630e+00
-2.363783737076269098e+00
-2.360147882650932338e+00
-2.356391333946976197e+00
-2.352531690205714288e+00
-2.349328808274705693e+00
-2.345205831835725618e+00
-2.341623769291989010e+00
-2.337922927511218329e+00
-2.334213294386735527e+00
-2.330546316100940540e+00
-2.327196227280203367e+00
-2.322733961943582504e+00
-2.319312305285062603e+00
-2.315881823340583789e+00
-2.312024883117823393e+00
-2.308579645870329156e+00
-2.305090144480194336e+00
-2.301242374092879572e+00
-2.297669524169457578e+00
-2.294679599031008710e+00
-2.291257870694340948e+00
-2.287777566468200074e+00
-2.284511361305243238e+00
-2.280890235554185796e+00
-2.278057664377112879e+00
-2.274574178598820939e+00
-2.271254272603709712e+00
-2.268078986631273608e+00
-2.264155179890479541e+00
-2.259441722663189100e+00
-2.256164084989182417e+00
-2.252546195242958849e+00
-2.248577919978691941e+00
-2.244545159547179480e+00
-2.240897553885152771e+00
-2.236530404484334156e+00
-2.232846715611406019e+00
-2.229797841641092848e+00
-2.226289722363233636e+00
-2.222990975584538731e+00
-2.219758166837501268e+00
-2.216581721822661777e+00
-2.212583413930522269e+00
-2.208403125119727139e+00
-2.205701472453192924e+00
-2.202657358404759513e+00
-2.199187197968507146e+00
-2.195519766481956125e+00
-2.191622146925837011e+00
-2.188548828170064020e+00
-2.184291873594868871e+00
-2.180567806647003337e+00
-2.177242214293322764e+00
-2.173778914652130911e+00
-2.170734624221795972e+00
-2.166515447859155508e+00
-2.163635274545058440e+00
-2.160874640451557749e+00
-2.157628465510422089e+00
-2.154317185321263928e+00
-2.150485871220338741e+00
-2.146947169732960514e+00
-2.142624196923068602e+00
-2.139190509328685597e+00
-2.135184713151662361e+00
-2.131524897648201300e+00
-2.128455090752581658e+00
-2.125327273989047860e+00
-2.121529110212306168e+00
-2.117889390610522948e+00
-2.113805040106152777e+00
-2.110291253203923301e+00
-2.106509377346980294e+00
-2.103791368136199491e+00
-2.100175800961041617e+00
-2.097478934527713168e+00
-2.093895490826876760e+00
-2.090204647629265278e+00
-2.087072255665071374e+00
-2.083073854960462157e+00
-2.079070350842634252e+00
-2.075951509055004696e+00
-2.071812633499760192e+00
-2.068281440489742273e+00
-2.065453568065752865e+00
-2.061876324653910686e+00
-2.057707802948187670e+00
-2.053809294829259890e+00
-2.049728802589521059e+00
-2.046321664961441744e+00
-2.043422092882743790e+00
-2.039447154106163840e+00
-2.036782840183120502e+00
-2.033125147412323308e+00
-2.029605028102326347e+00
-2.026021843498244213e+00
-2.022684284127834076e+00
-2.019258936908021607e+00
-2.014817748980302081e+00
-2.010443313861183245e+00
-2.007837557684997609e+00
-2.004561318436759887e+00
-2.000427942581608054e+00
-1.996636732628257915e+00
-1.993178382795736336e+00
-1.990445898246149703e+00
-1.986857284753035691e+00
-1.982656063232483223e+00
-1.978863596019786009e+00
-1.975965896602094096e+00
-1.972365216557072420e+00
-1.968577900091685873e+00
-1.964111710973184044e+00
-1.961378656885283345e+00
-1.958020447414800413e+00
-1.953951878220845373e+00
-1.950585025938395445e+00
-1.947411984996543222e+00
-1.944104932649105999e+00
-1.941375795672666493e+00
-1.937700588550882896e+00
-1.934291686729277426e+00
-1.931549873793130034e+00
-1.928822098941582075e+00
-1.925713970251076157e+00
-1.921203625152469341e+00
-1.918627786042701899e+00
-1.914888379418287379e+00
-1.911645218863898599e+00
-1.908371163639760892e+00
-1.905489116771892144e+00
-1.902697895414451112e+00
-1.900020143469911771e+00
-1.896026375149428622e+00
-1.892171358412510829e+00
-1.889702003851136292e+00
-1.887267286835531355e+00
-1.883661032051583195e+00
-1.880512509183190240e+00
-1.876221818736355740e+00
-1.872644050178441821e+00
-1.869160670637009636e+00
-1.866332548601736363e+00
-1.862850350766654062e+00
-1.859855854328213765e+00
-1.856321230142066181e+00
-1.852884189422972616e+00
-1.849435474859209005e+00
-1.846159425758933770e+00
-1.842859164488900081e+00
-1.839268539217887133e+00
-1.836047245576934106e+00
-1.831655724371310301e+00
-1.827572488861201494e+00
-1.824493940137567938e+00
-1.820754239612927927e+00
-1.817675550167721754e+00
-1.812855733555685855e+00
-1.808767299543340590e+00
-1.805176899650040134e+00
-1.801650687787877292e+00
-1.798582096838466704e+00
-1.795683904385882323e+00
-1.793547816385032245e+00
-1.789948453778125392e+00
-1.787229017292131239e+00
-1.783662193120797435e+00
-1.779678727593641652e+00
-1.776196577543327271e+00
-1.772587362824425528e+00
-1.769616656771362928e+00
-1.766590776528748519e+00
-1.763579367495983652e+00
-1.760522810335580779e+00
-1.757324963133734208e+00
-1.753422135840398077e+00
-1.749941814469572421e+00
-1.746773196538869977e+00
-1.744006597842478357e+00
-1.740837751681699075e+00
-1.738445159025380438e+00
-1.735451142041778638e+00
-1.732412348225170540e+00
-1.729023765270050861e+00
-1.725413240726305641e+00
-1.722417966021758673e+00
-1.719212126747294622e+00
-1.716368189775856035e+00
-1.713164709534084507e+00
-1.709042224691278644e+00
-1.706067580307465414e+00
-1.701755685831766174e+00
-1.698868685701321990e+00
-1.695623025769709136e+00
-1.692639593275654386e+00
-1.689594261727424662e+00
-1.685656184399696889e+00
-1.682525515103475477e+00
-1.680054504424692174e+00
-1.677029763833874476e+00
-1.673108352189758952e+00
-1.669355090439406331e+00
-1.666514534583256157e+00
-1.661781249699743945e+00
-1.657498765185886791e+00
-1.654650654174869118e+00
-1.650769016351920193e+00
-1.647282279929213722e+00
-1.644225267424411552e+00
-1.640497832580236626e+00
-1.637869683427028544e+00
-1.635453932792268583e+00
-1.631699408799003992e+00
-1.629085134571443438e+00
-1.626142640207876022e+00
-1.623587047085898183e+00
-1.620523125269645925e+00
-1.617339860795869333e+00
-1.614119631077457262e+00
-1.610981158531137103e+00
-1.607212827524518994e+00
-1.604647255749889867e+00
-1.600879349216018710e+00
-1.597238204380204918e+00
-1.592978668449349211e+00
-1.589977025407220745e+00
-1.586830553906131369e+00
-1.583515604551711586e+00
-1.579999643956292665e+00
-1.576681922965950555e+00
-1.573138473975662865e+00
-1.570598109573468015e+00
-1.567308925789335339e+00
-1.564026753215777443e+00
-1.560536448507099827e+00
-1.556878064133848216e+00
-1.553239031528813374e+00
-1.549908294994642555e+00
-1.546391512131715551e+00
-1.543163769133948593e+00
-1.539325679076059439e+00
-1.536356094580340503e+00
-1.533189942496194114e+00
-1.530284042559718838e+00
-1.526711574929356940e+00
-1.522721095683165826e+00
-1.518809011278575705e+00
-1.515261060786655456e+00
-1.512059607769706160e+00
-1.508696261485029888e+00
-1.505038733168413634e+00
-1.501983226919786807e+00
-1.498815839166425912e+00
-1.495594783827135066e+00
-1.492549779675788502e+00
-1.489409342808460490e+00
-1.484880912589627400e+00
-1.481713426755198348e+00
-1.478714310512174279e+00
-1.475085766786017993e+00
-1.472031065852204001e+00
-1.469099135531064748e+00
-1.465675320183726038e+00
-1.462793088180617707e+00
-1.459225014777832286e+00
-1.456273728534287493e+00
-1.453117355847967973e+00
-1.450004412243389718e+00
-1.446661963525790462e+00
-1.443485410793623025e+00
-1.440799344665709691e+00
-1.437569588774287643e+00
-1.433983470427780071e+00
-1.430529928309508092e+00
-1.427272110628403645e+00
-1.423613182581340286e+00
-1.421045481791097798e+00
-1.418338574348477321e+00
-1.415110958526106133e+00
-1.411914080231420510e+00
-1.408771116898298370e+00
-1.405656753310218665e+00
-1.402921597284967792e+00
-1.398888778572466407e+00
-1.395881270417045572e+00
-1.392621263515974261e+00
-1.389894740852122501e+00
-1.386201699003658749e+00
-1.382397513341366624e+00
-1.379821595879282548e+00
-1.377065480207979586e+00
-1.374434889652968117e+00
-1.371920375485359278e+00
-1.369048088747327308e+00
-1.366170598177710804e+00
-1.363639629073389870e+00
-1.359689569145453580e+00
-1.356561272166558085e+00
-1.352774974713210732e+00
-1.350063450768173912e+00
-1.347125475393470273e+00
-1.343240683897917620e+00
-1.340311165789940029e+00
-1.337750863811515867e+00
-1.333449357601772078e+00
-1.330442271508500474e+00
-1.327805169667945373e+00
-1.324660030250852660e+00
-1.320499578248334860e+00
-1.317991983434371184e+00
-1.314236135250773652e+00
-1.311374415191661980e+00
-1.308424584624312548e+00
-1.304757152835027689e+00
-1.301920478479567489e+00
-1.297355212054770002e+00
-1.294212751705778208e+00
-1.290334041817583044e+00
-1.287199555624086056e+00
-1.283655366653195351e+00
-1.279535973344598121e+00
-1.275790287317197125e+00
-1.271533669266680100e+00
-1.268363540716154203e+00
-1.265685835453927544e+00
-1.261514310409277639e+00
-1.258713417443189320e+00
-1.255381619365874668e+00
-1.252387858799629550e+00
-1.248429951897997547e+00
-1.244812998752437672e+00
-1.242071402424698823e+00
-1.238475471910679193e+00
-1.235444953874932583e+00
-1.232462951288532338e+00
-1.229427036947176699e+00
-1.226641439367687214e+00
-1.222483916809480542e+00
-1.219144586360331850e+00
-1.215176600315559963e+00
-1.211896063398256951e+00
-1.208629591211316301e+00
-1.206365886987544878e+00
-1.202992039289979775e+00
-1.199654815709464417e+00
-1.197068148711912805e+00
-1.193473460292136856e+00
-1.189805186544703020e+00
-1.186152260752504128e+00
-1.184117122806256805e+00
-1.181068038950934485e+00
-1.177691275162958018e+00
-1.174355446385493273e+00
-1.171768146146079825e+00
-1.168739093946650653e+00
-1.165154022053624505e+00
-1.162513534866238318e+00
-1.158963599123215227e+00
-1.156051915639881411e+00
-1.153211510664433170e+00
-1.150447331232632431e+00
-1.147573650204649187e+00
-1.144095742643147506e+00
-1.141343815936406436e+00
-1.138023660924473601e+00
-1.134330224390660558e+00
-1.131229521480415778e+00
-1.127818274300297130e+00
-1.126141979985633368e+00
-1.123176931751890928e+00
-1.121050405167407282e+00
-1.117733435620148486e+00
-1.115276731710636682e+00
-1.112047255828820580e+00
-1.109051203825367260e+00
-1.105410013462145180e+00
-1.102265718947139872e+00
-1.099312288803869553e+00
-1.096345982093297700e+00
-1.094093538536947019e+00
-1.091303960764589132e+00
-1.088132404658071595e+00
-1.083255387612196197e+00
-1.079884368275425999e+00
-1.077565524779237727e+00
-1.074169403091356001e+00
-1.071471371059206756e+00
-1.067675448959941598e+00
-1.063781838453540463e+00
-1.060007014722182062e+00
-1.056412334974383027e+00
-1.054183567169524549e+00
-1.050998930451931157e+00
-1.046544451650858853e+00
-1.042328391842840096e+00
-1.039797488729153008e+00
-1.037386801950750170e+00
-1.034492300826979294e+00
-1.031391906157633764e+00
-1.028268362775310418e+00
-1.024808021747664499e+00
-1.022322085221508692e+00
-1.019256680627526501e+00
-1.015977610184959579e+00
-1.013109360362279610e+00
-1.010187937802879743e+00
-1.007308528202480513e+00
-1.004517349381186753e+00
-1.000338633840280211e+00
-9.973461734253833422e-01
-9.942473656287035277e-01
-9.911074014348884020e-01
-9.891556364816411762e-01
-9.861889990347576518e-01
-9.822312649179564259e-01
-9.789943280146121696e-01
-9.761549271065076416e-01
-9.731868230052176383e-01
-9.691529965774721145e-01
-9.654478259815016949e-01
-9.623095494743516554e-01
-9.593686185311055548e-01
-9.565340659717503913e-01
-9.539202575542019558e-01
-9.504065258961933438e-01
-9.479964606151347617e-01
-9.449728679850687429e-01
-9.425652409947783417e-01
-9.386028664260540610e-01
-9.353556907348425931e-01
-9.314971848399092869e-01
-9.278964855273383883e-01
-9.246550051535655790e-01
-9.220214751189828029e-01
-9.187389497461050381e-01
-9.152863905559964763e-01
-9.128897936439138716e-01
-9.101496565233353486e-01
-9.066190541154444116e-01
-9.017316601490444894e-01
-8.980270945919224257e-01
-8.955079222140124307e-01
-8.916022511888165303e-01
-8.883581576620501741e-01
-8.857187904702598091e-01
-8.829454373858707239e-01
-8.804145033969061895e-01
-8.766767547852695186e-01
-8.743417241978311827e-01
-8.714191365976603487e-01
-8.690045063113449597e-01
-8.665506331368624249e-01
-8.637940752346804363e-01
-8.607871836729753534e-01
-8.575536688082564529e-01
-8.537921375417403258e-01
-8.501284326139344483e-01
-8.474784996069307796e-01
-8.448086119721480713e-01
-8.419493299388250973e-01
-8.394524689201511292e-01
-8.359307315568219598e-01
-8.326533129484608997e-01
-8.297731860504030665e-01
-8.271125848207909748e-01
-8.237719491923740645e-01
-8.205778205259235403e-01
-8.170598209183472793e-01
-8.143764300700265801e-01
-8.108267411445403416e-01
-8.081912280509703228e-01
-8.053068278299075899e-01
-8.021590636343577385e-01
-7.993522015267556791e-01
-7.957453594409400477e-01
-7.931800882388024831e-01
-7.897863320105930063e-01
-7.869560650791883605e-01
-7.847449757131595982e-01
-7.808652282880303996e-01
-7.776034063867141022e-01
-7.749712149734527822e-01
-7.718219858766232067e-01
-7.691099232341311875e-01
-7.658192074828090723e-01
-7.623391711476205090e-01
-7.604680313117029300e-01
-7.576205659443645546e-01
-7.551280224542720187e-01
-7.512907857733627237e-01
-7.478755571005262226e-01
-7.448231021254995143e-01
-7.420824935680847556e-01
-7.388800936791959373e-01
-7.354459658371331754e-01
-7.325372137966650321e-01
-7.290188834571654786e-01
-7.262422433937101296e-01
-7.217224740076366718e-01
-7.179404574640618764e-01
-7.151133884042414346e-01
-7.121337325105885352e-01
-7.103129677705819489e-01
-7.070992757169373144e-01
-7.047265460923303193e-01
-7.019269750274098607e-01
-6.980600489174001444e-01
-6.951355353752647348e-01
-6.925464354836882164e-01
-6.903208559925164689e-01
-6.865951550145685811e-01
-6.838768696968149374e-01
-6.809349144765063366e-01
-6.777010864441367355e-01
-6.751022912906192719e-01
-6.727119230175228060e-01
-6.691987535209648064e-01
-6.662167536484415731e-01
-6.643727227253142242e-01
-6.601198726698469521e-01
-6.545634049866673188e-01
-6.516666123988847925e-01
-6.473141855446586934e-01
-6.447361809283526091e-01
-6.420952702906721488e-01
-6.391743565559299123e-01
-6.358048333913031147e-01
-6.339128107011627877e-01
-6.311260652340445754e-01
-6.279100846913655554e-01
-6.249685281405343851e-01
-6.218500561401862914e-01
-6.189815723524975111e-01
-6.155583618585228622e-01
-6.112150271661950240e-01
-6.081383198143328617e-01
-6.058516812222449754e-01
-6.026303113042249526e-01
-6.001821788579289052e-01
-5.966336064770022540e-01
-5.942545920688004912e-01
-5.916396260021988818e-01
-5.899067076751980387e-01
-5.857137690447378198e-01
-5.830836415119388105e-01
-5.798875659983551145e-01
-5.756490432176979422e-01
-5.718416280157844200e-01
-5.690764231084128877e-01
-5.662147732579968507e-01
-5.633371391688029028e-01
-5.607954461762882925e-01
-5.582194713947404852e-01
-5.553758463124716105e-01
-5.529812991095577335e-01
-5.507119952478333191e-01
-5.479538469178227844e-01
-5.458190271411723637e-01
-5.416919602253141841e-01
-5.391351516767102225e-01
-5.362082461564677827e-01
-5.317980996834050789e-01
-5.287830419794047332e-01
-5.247371180913101840e-01
-5.216256709176403383e-01
-5.187036662758824912e-01
-5.160674969674281520e-01
-5.128673207301522874e-01
-5.100125309736948109e-01
-5.064299722901891565e-01
-5.039254244190549681e-01
-5.010400130069445623e-01
-4.976025328984567953e-01
-4.955592936912338597e-01
-4.914659546504790422e-01
-4.888032753137189768e-01
-4.853462350756164168e-01
-4.821862002740686104e-01
-4.781977278210917670e-01
-4.749339172487375693e-01
-4.721916711991470672e-01
-4.691828911780738798e-01
-4.657102051102493534e-01
-4.630676017755553375e-01
-4.602221296003313200e-01
-4.571816444782718647e-01
-4.540039488161203840e-01
-4.507542676417027883e-01
-4.486442754268056832e-01
-4.464751876573163636e-01
-4.436901674366919290e-01
-4.398160056033398879e-01
-4.372777829792919846e-01
-4.349782999635071756e-01
-4.320962367440276397e-01
-4.288349383856250863e-01
-4.263279363416475065e-01
-4.237893356806015643e-01
-4.208598069653370910e-01
-4.179894150260369257e-01
-4.150036798802665405e-01
-4.128119661895152115e-01
-4.098001989174029913e-01
-4.074589425320037650e-01
-4.034181786808155312e-01
-4.008437503868702567e-01
-3.966519578630568477e-01
-3.937480218863377290e-01
-3.908342569001804767e-01
-3.874086444166557341e-01
-3.848166535642810748e-01
-3.818019825406949175e-01
-3.778146360633126699e-01
-3.755122574368148780e-01
-3.725178937783523159e-01
-3.690787755331876863e-01
-3.654249815789842315e-01
-3.619171063883323547e-01
-3.595079102727415377e-01
-3.561941327367388888e-01
-3.534752615987162283e-01
-3.501819817265465762e-01
-3.466411346666907201e-01
-3.441632445860621226e-01
-3.421302683056300920e-01
-3.388918191239534417e-01
-3.365990717345176408e-01
-3.323172521415131420e-01
-3.308263541794643769e-01
-3.277427983549610624e-01
-3.254793753828326142e-01
-3.219338672458578188e-01
-3.183905043358487008e-01
-3.157965185166393129e-01
-3.136274906737564483e-01
-3.104880096412964141e-01
-3.070310310434846701e-01
-3.045211385013752992e-01
-3.021173289818306906e-01
-2.984486709473927468e-01
-2.945957178610262295e-01
-2.921038937152708459e-01
-2.898367580599471860e-01
-2.867079937168665049e-01
-2.828329027802761186e-01
-2.798401688753974770e-01
-2.775649394032182471e-01
-2.746280730022291339e-01
-2.721782969309042843e-01
-2.705807294200227586e-01
-2.682724969829347605e-01
-2.655833276949140509e-01
-2.618374424271645018e-01
-2.572963105965278552e-01
-2.548814378975384209e-01
-2.518614638796083383e-01
-2.482919018701883751e-01
-2.457192872488774826e-01
-2.426712246421263153e-01
-2.392376787219297751e-01
-2.367919959409591768e-01
-2.334357851745026136e-01
-2.311844746644070303e-01
-2.283214867772422885e-01
-2.255597324589327102e-01
-2.231119066158036290e-01
-2.199133058089512427e-01
-2.172903667944362238e-01
-2.150008372791760436e-01
-2.120505543963242256e-01
-2.082198664097912599e-01
-2.041239876716639812e-01
-2.007094114840932975e-01
-1.975572343484454652e-01
-1.944859977890423530e-01
-1.919400669745995047e-01
-1.890545166449755787e-01
-1.863188159509711339e-01
-1.832559663291359331e-01
-1.810184957756867663e-01
-1.780698377212819317e-01
-1.754298260547822452e-01
-1.720404101597832747e-01
-1.693445070801621877e-01
-1.655619505260403079e-01
-1.632864268435363642e-01
-1.591665227009315120e-01
-1.544031671846778919e-01
-1.523383062311383651e-01
-1.494721263282463575e-01
-1.464796325973153346e-01
-1.437825906899284079e-01
-1.409260227973536117e-01
-1.375895954766084006e-01
-1.339315656335740290e-01
-1.308340077950516378e-01
-1.276875547297015301e-01
-1.249993128841289797e-01
-1.220017308040010628e-01
-1.189288616810156712e-01
-1.164060725444768657e-01
-1.133405267426431245e-01
-1.110985036552229049e-01
-1.084160252608700054e-01
-1.056028313898628584e-01
-1.025286987095360425e-01
-9.984811116600066094e-02
-9.815175594219507915e-02
-9.535330230967348220e-02
-9.265573007039526465e-02
-9.013314787163878572e-02
-8.734682331714697934e-02
-8.419603830889069163e-02
-8.115167102735695859e-02
-7.804002071346632929e-02
-7.489675506787199510e-02
-7.145007230587978320e-02
-6.795346587812681194e-02
-6.450669234511863248e-02
-6.206601787019497274e-02
-5.893921335511310977e-02
-5.568695399850967509e-02
-5.341983872560682189e-02
-5.025013688457079936e-02
-4.803746411071704858e-02
-4.596271336591869344e-02
-4.281946430465857073e-02
-3.971480152606465808e-02
-3.677040535527316412e-02
-3.442835927374868904e-02
-3.036035552388570077e-02
-2.704513924542348638e-02
-2.316191183678499924e-02
-2.062627780031619368e-02
-1.827181330098746198e-02
-1.496452972906347871e-02
-1.214704663700020768e-02
-9.556981207752206914e-03
-5.411197081872400755e-03
-3.168893538689793610e-03
-8.836082456228643066e-04
2.571075657001326096e-03
4.995388934745551707e-03
6.959016760289118281e-03
9.387715322931210887e-03
1.293781083789552477e-02
1.667753240732136252e-02
2.027624608876386902e-02
2.315456098269741761e-02
2.650826708769481177e-02
2.889173150632807011e-02
3.179080757844409549e-02
3.469923640423570876e-02
3.774176258704460551e-02
4.128875380530431377e-02
4.439457733034280623e-02
4.697106521079023878e-02
4.930813318170210180e-02
5.131648616390284412e-02
5.569213246341885026e-02
5.787896363197335414e-02
6.166569884663115897e-02
6.465175455244241698e-02
6.677906807457802130e-02
6.991131007237579020e-02
7.301626207230418886e-02
7.551134880584513265e-02
7.852807760377096546e-02
8.115864093057779949e-02
8.488331377189214932e-02
8.721265120866540654e-02
9.106584691467062287e-02
9.370180462553180656e-02
9.784709437509835073e-02
1.010356032994971370e-01
1.041602154489007087e-01
1.067392344852527430e-01
1.094694805919772251e-01
1.121735513381060534e-01
1.148779786566174882e-01
1.188111344203983538e-01
1.214642070066695584e-01
1.250759605823344722e-01
1.282643328035993069e-01
1.322133864771147249e-01
1.353581594299909652e-01
1.385289778052758158e-01
1.408183160617644536e-01
1.439535224255606705e-01
1.468031171181753136e-01
1.485291501297701100e-01
1.520272687247392618e-01
1.553232871970407214e-01
1.578188841477787818e-01
1.614698596566291888e-01
1.644771028345465846e-01
1.685561802425231126e-01
1.723447567295924576e-01
1.747895116564396056e-01
1.791785998087008502e-01
1.813199176601981710e-01
1.844144221268285144e-01
1.878777595009706869e-01
1.904778301214610226e-01
1.936192019801850628e-01
1.964153551111354756e-01
1.989960095355054193e-01
2.009260705718653728e-01
2.041667458806766255e-01
2.076705051161486792e-01
2.100718492401821291e-01
2.126625146664894994e-01
2.147543074656592110e-01
2.174954019196024824e-01
2.198912752051962183e-01
2.226996165401389505e-01
2.251312516925842444e-01
2.285166434005234393e-01
2.316166415116622246e-01
2.342560213210075348e-01
2.377484447852274696e-01
2.412949274483242867e-01
2.434961954999369793e-01
2.462081645413361497e-01
2.481963472804691595e-01
2.514717807193037058e-01
2.529389111658594258e-01
2.556606093789181022e-01
2.589869775917267858e-01
2.612803331278610863e-01
2.635036799755643977e-01
2.663243257894610805e-01
2.688408285612954862e-01
2.711701853662449313e-01
2.739318275870420982e-01
2.769198267182770845e-01
2.795581774783614804e-01
2.829398245217703556e-01
2.864967685442434964e-01
2.892570843181381801e-01
2.922223694053903142e-01
2.951981132323653889e-01
2.990773225747149766e-01
3.024219900876530809e-01
3.064370654388428039e-01
3.090433849063274896e-01
3.117741199687182330e-01
3.146688434598344242e-01
3.179223790241901826e-01
3.212234777082425552e-01
3.239538985204150623e-01
3.257884779793659424e-01
3.285726618038209423e-01
3.305590119484606015e-01
3.335185095753544493e-01
3.369294030227301673e-01
3.393773974565075235e-01
3.427631921128018178e-01
3.472096468886988196e-01
3.500439463899360226e-01
3.538709511382418516e-01
3.575491693774049407e-01
3.595258399597320298e-01
3.624721377259215727e-01
3.650264214745584934e-01
3.672906712215124325e-01
3.700591415272448947e-01
3.729237952165478931e-01
3.758874466618630228e-01
3.784045695001490572e-01
3.809685974396224140e-01
3.834346924871351314e-01
3.869274689287090507e-01
3.904892154058965947e-01
3.932434601151219011e-01
3.954734111337028790e-01
3.983276570527023441e-01
4.022432993762629083e-01
4.048510161756126990e-01
4.069845582633977443e-01
4.098925493706788159e-01
4.128827191027636401e-01
4.156695269253829483e-01
4.195942268450482682e-01
4.217348472323920183e-01
4.243413045825834562e-01
4.278683852205222848e-01
4.301394498171766667e-01
4.324448046812198743e-01
4.359036346913006121e-01
4.387547125859436181e-01
4.417492875315118250e-01
4.455392325979402601e-01
4.471831188870018514e-01
4.499165695792256559e-01
4.523335763196831283e-01
4.552443606575772295e-01
4.588833932965431517e-01
4.612767458273678289e-01
4.634422693742095700e-01
4.663224475020760762e-01
4.695061428939780734e-01
4.739168198341375815e-01
4.766489679244169109e-01
4.791491607701690580e-01
4.838297237703698128e-01
4.853539466421405990e-01
4.884196780930017412e-01
4.912491927161146688e-01
4.938700655080302537e-01
4.962842748829168760e-01
4.999817535384274980e-01
5.029054507533311513e-01
5.050147873270540710e-01
5.081153756490591755e-01
5.119127286134977917e-01
5.142947769014113435e-01
5.168489801185977006e-01
5.197238338356201526e-01
5.238585400230421074e-01
5.265039032992467893e-01
5.289114522861600998e-01
5.314566676590600780e-01
5.340045062042022561e-01
5.374610726269303251e-01
5.410123721528897756e-01
5.443148813949785225e-01
5.466105776338442412e-01
5.497520188580095057e-01
5.519211303937084923e-01
5.544130048235587083e-01
5.579041073581763044e-01
5.609284704753320083e-01
5.641241872001953039e-01
5.670323218730562997e-01
5.701408546086822460e-01
5.727442419812500685e-01
5.760944882434156922e-01
5.787381625839598254e-01
5.820120063225198148e-01
5.849092736201643161e-01
5.873455219390442128e-01
5.892673518405021627e-01
5.918319968898688721e-01
5.946742477790128989e-01
5.962214454988161716e-01
5.994984130164059399e-01
6.026636354572636467e-01
6.053159441432198751e-01
6.073013938709338477e-01
6.102297837766280653e-01
6.124783188997947603e-01
6.148788314665286636e-01
6.177714337297204317e-01
6.204057387157102532e-01
6.247440039182617921e-01
6.275841190588804519e-01
6.305382547864794018e-01
6.326541460645178638e-01
6.352608124118886979e-01
6.380022520193276980e-01
6.406282121083004544e-01
6.446477461781440210e-01
6.473821286882798232e-01
6.496635882380383809e-01
6.527045270337770155e-01
6.554580595880995508e-01
6.593542528129496816e-01
6.623527867878578057e-01
6.669724954223301694e-01
6.694739031280518837e-01
6.726558990627405921e-01
6.761311375810394875e-01
6.792732625905888444e-01
6.819605793703923391e-01
6.849057905782562905e-01
6.871227945232720735e-01
6.905155520185501938e-01
6.931326530501432659e-01
6.955304047998792649e-01
6.978822125055920145e-01
7.010056344261827999e-01
7.040360585606985078e-01
7.073324620095921000e-01
7.100516395286324833e-01
7.129186394730644416e-01
7.152868693156253510e-01
7.178686733161988576e-01
7.204133520945774638e-01
7.237074794771183317e-01
7.265180857098182399e-01
7.285487742564078495e-01
7.312255914629764986e-01
7.340608578152199026e-01
7.366453102636612016e-01
7.398971864178182090e-01
7.420700361435249581e-01
7.458600312865698578e-01
7.484320501764237799e-01
7.510954237151524771e-01
7.535550408517761589e-01
7.568466458023377363e-01
7.593399300680171438e-01
7.631288283662366334e-01
7.659553826683784816e-01
7.675646659016905904e-01
7.710806784110246781e-01
7.738813755245883552e-01
7.768770446501195304e-01
7.798781281560310807e-01
7.826632690866450748e-01
7.852465286796266319e-01
7.875341974747023244e-01
7.905101730753972822e-01
7.937155078167678068e-01
7.959450760151377535e-01
7.983454235040228220e-01
8.010184348679749711e-01
8.047221249377930485e-01
8.070452543532440348e-01
8.104319298033642038e-01
8.143246379618633846e-01
8.171678047422390456e-01
8.196809878274895489e-01
8.232953865366703372e-01
8.265735439907161419e-01
8.295142535199289124e-01
8.332270707422178013e-01
8.355854421658638342e-01
8.384583908709454247e-01
8.409928925100991215e-01
8.437236822580175266e-01
8.474983305992275229e-01
8.504805968697061180e-01
8.535079957547807572e-01
8.556014180449982298e-01
8.590565608389678642e-01
8.623714601845280381e-01
8.650565726289543012e-01
8.682563986099860465e-01
8.703243306497735476e-01
8.740179639790872645e-01
8.761557700548645577e-01
8.794508694185777520e-01
8.832723645028301984e-01
8.860061727400814213e-01
8.883852497561814943e-01
8.919645567046691204e-01
8.948258979386783940e-01
8.969205701162573652e-01
8.994559090299854009e-01
9.025322706724071553e-01
9.057193984943943121e-01
9.089064720157414845e-01
9.113190835836568748e-01
9.141074785953621218e-01
9.162275115243968537e-01
9.197953314416200676e-01
9.234694770286003829e-01
9.257535355744519467e-01
9.292806560795909832e-01
9.320339851775305551e-01
9.353170563178151431e-01
9.388784360142853336e-01
9.424290794305413277e-01
9.452727510749847628e-01
9.487528424092561696e-01
9.514219422522637304e-01
9.532659694928903305e-01
9.557854340179130492e-01
9.597871851938065690e-01
9.628067617195948946e-01
9.661970845267634500e-01
9.693196099795994281e-01
9.716431393908087077e-01
9.743452348309553646e-01
9.768234997628574279e-01
9.792301036695484351e-01
9.815174455683460808e-01
9.835359846508774373e-01
9.859007303430095126e-01
9.890492633641900788e-01
9.924537062807057275e-01
9.956289243744346207e-01
9.984160495822623771e-01
1.001876621983972093e+00
1.003701113218844476e+00
1.006194875554583978e+00
1.007886684723701132e+00
1.011996661794287045e+00
1.014358180977298352e+00
1.018245478081440281e+00
1.020814259075917496e+00
1.023587230093188971e+00
1.025806241974797306e+00
1.028738664712975259e+00
1.032494244696136043e+00
1.035854035400931350e+00
1.038487029218990720e+00
1.040712591151621291e+00
1.044624281251500086e+00
1.047217382451761658e+00
1.051388810356558290e+00
1.053734468221601217e+00
1.057236886640159801e+00
1.059457692680465524e+00
1.063605275040633513e+00
1.065949338460424167e+00
1.068562182633963520e+00
1.071194758776543798e+00
1.073961992726475190e+00
1.076062394815255896e+00
1.079169234144360168e+00
1.081851661338287141e+00
1.085863679801398307e+00
1.088100022876255846e+00
1.091960033069079072e+00
1.095159694331506284e+00
1.097182562584499088e+00
1.100131172134358737e+00
1.103101200918432445e+00
1.106863967901337009e+00
1.108995564775958398e+00
1.111185447865346232e+00
1.114291722310941646e+00
1.117279762483935457e+00
1.120152085442237100e+00
1.123711140282751098e+00
1.126323177297795519e+00
1.128929637608178549e+00
1.132073230666180708e+00
1.135501822594184196e+00
1.138808374533276435e+00
1.142082331007328255e+00
1.144387523596553713e+00
1.147669740843534347e+00
1.151914698380375190e+00
1.154476337678247866e+00
1.157328945359841876e+00
1.160113475799622096e+00
1.163442803791826519e+00
1.167607822218451163e+00
1.171124074219408673e+00
1.174091263574436494e+00
1.176460189302561021e+00
1.179721414701360604e+00
1.182406501970979962e+00
1.186055416925791750e+00
1.189593358588295624e+00
1.192022237761972026e+00
1.196146412688469329e+00
1.199750771300022167e+00
1.202914081672034285e+00
1.205531540097799059e+00
1.209191511285877541e+00
1.212522275478693956e+00
1.214846686183102431e+00
1.216990950277783368e+00
1.219102163745955369e+00
1.221555690486155754e+00
1.224479342806872761e+00
1.227614358502107761e+00
1.230189739507609792e+00
1.233526711697229938e+00
1.237193976326702138e+00
1.239380189969137458e+00
1.242480106165519738e+00
1.245298356763428149e+00
1.247967578444469483e+00
1.251921238184145135e+00
1.254986894443170575e+00
1.257508189221179240e+00
1.260583523025751163e+00
1.264315520912074220e+00
1.267007175170334454e+00
1.269321521882820436e+00
1.271833583312740767e+00
1.274630575003168786e+00
1.278111223161158883e+00
1.280749673062921090e+00
1.282647157829197360e+00
1.285563603131697485e+00
1.288034644391683026e+00
1.290317430290623069e+00
1.293806537788615429e+00
1.297029294437032076e+00
1.300154849234220089e+00
1.303110354837087259e+00
1.304864222994385203e+00
1.307632105781332932e+00
1.310484549615426042e+00
1.314233398896023752e+00
1.315942008676742381e+00
1.319487616335596636e+00
1.322192447227903633e+00
1.325348509581738998e+00
1.327408348731870413e+00
1.329180545663215973e+00
1.332955421273196217e+00
1.336713273668079127e+00
1.339246541582943983e+00
1.341471835277251889e+00
1.343453986432791902e+00
1.346764729848452635e+00
1.348981810409212834e+00
1.352721523696667871e+00
1.354737478685347885e+00
1.357960763926759906e+00
1.360329423228228585e+00
1.364255901161228968e+00
1.366619683216146353e+00
1.369065744997043810e+00
1.372663174317914292e+00
1.375255900021841615e+00
1.378677324011986505e+00
1.382069978888624373e+00
1.384939502163827996e+00
1.387905000756737506e+00
1.390719615566779810e+00
1.393574790681326947e+00
1.395486831394323834e+00
1.397740919331931009e+00
1.399941947321811986e+00
1.403224981678796057e+00
1.405762890614383753e+00
1.408344037763655798e+00
1.412212274375459264e+00
1.414708039531653139e+00
1.416548024667167338e+00
1.419168331131188010e+00
1.422429738487334339e+00
1.425509138073558058e+00
1.428058140632494810e+00
1.431088342188141960e+00
1.433956068594883115e+00
1.436172860090286330e+00
1.439372573518107323e+00
1.442015533859378307e+00
1.444477897328258598e+00
1.446816328729571444e+00
1.449535063400883450e+00
1.452992200672140077e+00
1.455445721601191567e+00
1.458870156275819063e+00
1.461443247064089013e+00
1.463237491649962863e+00
1.465767769620390570e+00
1.468433582468538834e+00
1.471237198336460050e+00
1.474444843181906606e+00
1.478309438117672014e+00
1.481175709041490984e+00
1.483835177127355243e+00
1.486601691248864654e+00
1.489658933542700625e+00
1.492120444471280782e+00
1.494831640069349543e+00
1.496994251124706299e+00
1.499238343914958138e+00
1.503320421308627308e+00
1.505475012403572066e+00
1.509205481073063515e+00
1.512463018188132224e+00
1.514590827880039958e+00
1.518790333592598074e+00
1.521651056075401964e+00
1.525489817711671803e+00
1.527837003983445463e+00
1.530731133399322097e+00
1.533957051563528573e+00
1.535460674944697512e+00
1.537894592910071356e+00
1.540970997407121512e+00
1.543401266797064242e+00
1.546562788568719204e+00
1.550089820574341193e+00
1.552756742419954872e+00
1.555454844090641275e+00
1.558569084230439605e+00
1.560501545323521588e+00
1.562917693217602322e+00
1.565580407460835488e+00
1.568151102553468013e+00
1.571633918352615789e+00
1.574622350658859471e+00
1.577114485369240926e+00
1.580771273158601220e+00
1.583642807991730850e+00
1.586693556720315090e+00
1.588475406913503196e+00
1.590851949111794728e+00
1.593201272078937247e+00
1.595980275988734265e+00
1.599712705160505566e+00
1.602690034753955883e+00
1.605908855494843968e+00
1.609258304853875776e+00
1.612077339398934717e+00
1.614533702225381173e+00
1.616476508184711669e+00
1.620727529534620404e+00
1.622537171499492947e+00
1.626723518964900084e+00
1.630112294137099127e+00
1.631771879512308399e+00
1.635076307318308775e+00
1.637459452483083000e+00
1.639835092643126879e+00
1.642300046603091035e+00
1.644514205026402331e+00
1.646878057898432113e+00
1.649875494222887040e+00
1.652656883545501776e+00
1.654587632429190158e+00
1.657304391650040509e+00
1.661126117017643455e+00
1.664275692157595854e+00
1.668556754601828951e+00
1.671303342350578980e+00
1.674362611047208738e+00
1.676362829130956467e+00
1.680557295760191749e+00
1.683409861626994353e+00
1.685154716828758614e+00
1.689568328650461249e+00
1.692337315342232973e+00
1.695231374659436963e+00
1.697794268821539276e+00
1.700504882898621117e+00
1.704100172255727630e+00
1.705843673798795868e+00
1.708974688660379604e+00
1.710868435633935425e+00
1.712974369215689574e+00
1.716028941956588172e+00
1.718592014877394547e+00
1.720593104256915362e+00
1.723907626403601956e+00
1.726259027594160500e+00
1.729212645691660333e+00
1.731475468099216819e+00
1.735120260901759748e+00
1.737594432279943701e+00
1.740295890824081537e+00
1.744012233111990939e+00
1.746589464984514617e+00
1.749392513584597575e+00
1.751380104129311555e+00
1.753291048679094466e+00
1.756436666996296303e+00
1.760139985404942653e+00
1.763343958152185698e+00
1.765941813116590042e+00
1.769790923778479019e+00
1.771977337163703092e+00
1.774040117659285043e+00
1.776990507099576622e+00
1.779493602229278659e+00
1.782292143462234524e+00
1.783957699399233654e+00
1.786560337959230083e+00
1.790457459574130494e+00
1.793347207267901977e+00
1.796702877650309782e+00
1.800212929620173208e+00
1.804018949956390339e+00
1.806508365794379678e+00
1.809630510668178038e+00
1.812258641304900442e+00
1.814850603335849799e+00
1.818363036218839435e+00
1.822197469823432003e+00
1.824923415364621215e+00
1.829397309528057347e+00
1.832647730828749877e+00
1.835940873184586319e+00
1.839334664544743925e+00
1.842640721246073587e+00
1.844261952042033581e+00
1.846853102494625309e+00
1.849844322580604050e+00
1.851608902898529641e+00
1.855611143633853821e+00
1.857897589160518725e+00
1.860666092836851249e+00
1.864099696810010309e+00
1.867423124384946620e+00
1.870446799609907895e+00
1.873093448469540956e+00
1.875516175300432575e+00
1.878255925404296978e+00
1.882052513462694865e+00
1.884346003152908677e+00
1.886786347654531903e+00
1.889171457386289887e+00
1.891161997014619622e+00
1.893112465671042743e+00
1.896850512851940174e+00
1.900603802472615955e+00
1.903212907379135732e+00
1.905949444646550583e+00
1.909709163002037968e+00
1.913376239376757271e+00
1.915673685221864542e+00
1.918396405155860407e+00
1.921784879272206981e+00
1.923829139277549505e+00
1.926211830306366890e+00
1.928612516832551860e+00
1.931173552809782423e+00
1.933674775484960584e+00
1.936641009488648590e+00
1.939221140809051835e+00
1.941712354790772421e+00
1.944514211083066879e+00
1.946779613369735484e+00
1.950085000643388078e+00
1.952642373354724237e+00
1.955109132870344935e+00
1.957353148910619067e+00
1.960402728094763347e+00
1.963693042076231077e+00
1.966306192795791441e+00
1.968437293919525155e+00
1.971317910903028325e+00
1.973676479909682424e+00
1.976324577814595251e+00
1.978413736380997268e+00
1.982236773856698164e+00
1.983714743680459636e+00
1.986774407058769842e+00
1.989783260156879674e+00
1.992137324157889910e+00
1.995901818296297536e+00
1.998643668925383254e+00
2.000700567172171151e+00
2.003827214706946247e+00
2.007189641305219929e+00
2.009365887767617043e+00
2.012678773439354085e+00
2.014622189045551792e+00
2.016790683294582553e+00
2.020423888293362058e+00
2.024456383981023677e+00
2.026951657217375136e+00
2.029056335575835313e+00
2.031487713080327051e+00
2.034744601529509644e+00
2.037152849888590023e+00
2.039058062868532417e+00
2.042149145038802072e+00
2.045291602531841946e+00
2.048053112383355412e+00
2.050526120693195065e+00
2.053306551626797649e+00
2.055739067965645983e+00
2.059463744775086536e+00
2.061838263531269533e+00
2.064253936203209072e+00
2.067294025704293770e+00
2.069928104267665159e+00
2.072494859326977856e+00
2.075863872414848377e+00
2.079390699893341132e+00
2.082712917909951500e+00
2.084423275413445076e+00
2.087082697275604914e+00
2.089433953808418121e+00
2.091949076103349014e+00
2.094548434520953517e+00
2.098353102744161536e+00
2.101921938825693115e+00
2.103827848598160966e+00
2.106163212458213252e+00
2.109031112009787545e+00
2.111695008932148010e+00
2.113061211226886726e+00
2.117095452358411567e+00
2.119619084883030524e+00
2.122251505971177288e+00
2.124631838642679682e+00
2.127999576855135633e+00
2.130977260247291838e+00
2.134549362875200806e+00
2.136809268168687215e+00
2.140415662385124485e+00
2.143590335507397526e+00
2.146210287951543005e+00
2.149179571555470680e+00
2.152590103707074487e+00
2.154997742207617861e+00
2.157583115019059861e+00
2.160311827902929416e+00
2.162916585445787021e+00
2.166691916969598175e+00
2.168757399451173740e+00
2.171282287986963766e+00
2.176076450045227872e+00
2.178777136996592034e+00
2.181259065620851256e+00
2.183788872208799692e+00
2.187384062857615774e+00
2.189578797445323133e+00
2.192207327805036243e+00
2.194869189194535331e+00
2.199110730336448771e+00
2.202140844253386742e+00
2.205107384260313275e+00
2.208593560462062122e+00
2.210502890352751493e+00
2.212928798991605994e+00
2.214890559863499142e+00
2.219943824058503434e+00
2.222507106340849248e+00
2.225129382669801092e+00
2.227543624397659627e+00
2.230423404289652023e+00
2.233546170512768381e+00
2.235738868221743836e+00
2.237963515531915526e+00
2.240528986139709300e+00
2.243419724418616035e+00
2.246090127104741097e+00
2.250112906345420161e+00
2.252655115381835937e+00
2.256401982091366332e+00
2.259642670664293806e+00
2.262481158784786839e+00
2.265735004475838643e+00
2.268870126671012954e+00
2.271230369152184458e+00
2.273401136206155915e+00
2.275440620221398813e+00
2.277991592261857878e+00
2.280196955916232060e+00
2.285069037030069250e+00
2.287933986460005453e+00
2.290145430161684370e+00
2.291640682516022043e+00
2.294348207419405039e+00
2.296316644493675785e+00
2.299891152802712391e+00
2.303421664304871719e+00
2.307341548977123402e+00
2.311402847156598828e+00
2.314890647038121418e+00
2.318262538571038700e+00
2.322291284169925696e+00
2.325252755048758058e+00
2.328448136890207909e+00
2.330279518061445732e+00
2.333481611862139982e+00
2.336605306055072884e+00
2.339599510704454488e+00
2.343661761297728408e+00
2.345852047591270750e+00
2.347894024808845792e+00
2.351950614443796717e+00
2.355511077525971775e+00
2.357893030210528540e+00
2.360074550424930973e+00
2.363153012055898117e+00
2.365712415096014709e+00
2.368448164982184689e+00
2.371471624965557634e+00
2.373862087003065557e+00
2.376188775580213797e+00
2.378145893248030163e+00
2.380576857834975080e+00
2.383339816777806153e+00
2.385457619015654895e+00
2.387992286561138489e+00
2.391179139345179117e+00
2.393834092082316456e+00
2.396923174175338733e+00
2.399367665676900074e+00
2.402092615335774450e+00
2.405574936047735424e+00
2.408908434821515510e+00
2.411642759931144742e+00
2.414432518471167466e+00
2.417802732634837248e+00
2.421449572486968016e+00
2.424754799414945872e+00
2.428407276754110278e+00
2.431574594746093165e+00
2.433634445803958268e+00
2.436327429055109128e+00
2.438891171799104640e+00
2.441452632498549047e+00
2.444754204194903746e+00
2.447863800729331629e+00
2.451178352667133797e+00
2.454166743498869430e+00
2.456356042224276059e+00
2.459369670638884564e+00
2.461732392933150049e+00
2.464117315391236129e+00
2.467813642888444292e+00
2.471106884761686828e+00
2.473197442616831943e+00
2.476648611925193144e+00
2.479584018987730509e+00
2.481928609733651925e+00
2.484589079237293330e+00
2.486885269969735024e+00
2.489227765009372373e+00
2.492863091556026589e+00
2.494994172612788663e+00
2.497551567746392642e+00
2.500612321270687222e+00
2.503881674617723707e+00
2.506190774073673744e+00
2.509238452771954009e+00
2.512448273405046173e+00
2.514955360598213563e+00
2.516842134141050291e+00
2.521543099773308594e+00
2.523749665928026520e+00
2.525873517021715031e+00
2.528723535239543629e+00
2.531368771715338806e+00
2.534043841195172675e+00
2.536720535456212566e+00
2.539540974076360591e+00
2.542691010057782641e+00
2.546886251973965010e+00
2.550289308550798051e+00
2.551992888029399165e+00
2.554334577109324655e+00
2.556999167705132248e+00
2.558822990744238801e+00
2.562423896129623291e+00
2.564821810900006938e+00
2.568265921412863584e+00
2.572614906428193127e+00
2.574890127566831666e+00
2.578260803801009526e+00
2.581688139275529981e+00
2.585023129333487990e+00
2.587196020781186601e+00
2.590228465161395377e+00
2.594652115274273640e+00
2.597455890106662668e+00
2.601971889646458092e+00
2.605050063031475460e+00
2.607725300286342751e+00
2.609783944744675566e+00
2.612491188944498166e+00
2.615823894613927614e+00
2.618612319006319744e+00
2.620855529571558762e+00
2.623978561913377749e+00
2.626646769749384269e+00
2.629043124825896971e+00
2.632206576656081154e+00
2.634897973288062190e+00
2.636751543940698994e+00
2.640287962649638498e+00
2.642948170620476489e+00
2.645952297709851297e+00
2.649094789812338924e+00
2.650689048047554675e+00
2.653809458124281484e+00
2.657626079832259069e+00
2.660579365442492961e+00
2.664087354025666876e+00
2.667320677148509400e+00
2.670445563833614866e+00
2.673608117085574332e+00
2.676679929712805883e+00
2.678914005356167749e+00
2.680908296830329274e+00
2.684338811637050792e+00
2.686556458509454792e+00
2.689719377169359049e+00
2.692891312437624585e+00
2.696066754226454254e+00
2.698276447097413655e+00
2.701445705030467437e+00
2.704426662382922952e+00
2.706604276896414252e+00
2.711288231243504487e+00
2.713787938997462401e+00
2.716990209914694088e+00
2.718709328347803211e+00
2.721511637073668055e+00
2.723831228215238376e+00
2.726837192204284666e+00
2.728905977993625331e+00
2.733317381189181106e+00
2.736528790528967470e+00
2.739431831834584941e+00
2.743025996960230639e+00
2.746154044566488039e+00
2.748785528692217817e+00
2.751404460756634140e+00
2.753794337439131379e+00
2.757078615244617836e+00
2.759866340978452737e+00
2.762929540883643842e+00
2.765641773790906477e+00
2.768812837848249053e+00
2.772393712136621335e+00
2.774837228788809007e+00
2.777948463815262503e+00
2.781525001012129295e+00
2.784281700847575980e+00
2.786815166455560711e+00
2.790057953218657349e+00
2.793445772825121853e+00
2.797013075077253941e+00
2.799628861140126102e+00
2.803373190111978719e+00
2.806878711515621738e+00
2.809806330226157556e+00
2.812265369326446329e+00
2.815623588643412223e+00
2.818518393085449603e+00
2.821467397086676154e+00
2.823780772916870241e+00
2.825816911204818371e+00
2.830069655587638788e+00
2.832756810438508577e+00
2.834504600129427843e+00
2.837757158037624183e+00
2.840629910697245908e+00
2.844840195033909058e+00
2.847972208846483166e+00
2.850262673285387294e+00
2.854212525179977256e+00
2.856795454366344966e+00
2.858655307923384736e+00
2.861183034291992389e+00
2.864763023642312501e+00
2.868130686608873159e+00
2.871050553183415843e+00
2.874975140330364276e+00
2.877145849083604823e+00
2.880079369233973008e+00
2.882720012591307057e+00
2.885212923211511793e+00
2.887929667360810804e+00
2.891569415712725188e+00
2.893894996749569959e+00
2.895892678806795129e+00
2.898887309176368721e+00
2.902295481660925880e+00
2.905736994625951031e+00
2.908712845631618471e+00
2.911285304751261904e+00
2.914230710239064770e+00
2.917670902706846814e+00
2.919699301641819122e+00
2.921926582566708230e+00
2.924320920530198986e+00
2.927779075912256168e+00
2.930189506114500020e+00
2.933286971582039104e+00
2.935331321292987905e+00
2.938043513241436866e+00
2.941335384457075541e+00
2.943078203834283091e+00
2.946210103086143839e+00
2.949134685385920829e+00
2.952596430780379588e+00
2.955012740414704187e+00
2.957948372225944311e+00
2.961111870637003207e+00
2.963829858635106174e+00
2.966198698674700651e+00
2.968555102837273640e+00
2.970380405633990861e+00
2.972963832697837372e+00
2.976109240373010500e+00
2.978922578915784047e+00
2.982418449398238192e+00
2.985033846981722139e+00
2.986853258599380556e+00
2.989644220184304757e+00
2.992462232986591086e+00
2.994909657629223343e+00
2.996610803502098186e+00
3.000338113562305509e+00
3.002558003200230363e+00
3.006711480052620011e+00
3.010205374501773612e+00
3.013994749517584282e+00
3.017406487685005079e+00
3.020264616525073720e+00
3.023627777522140736e+00
3.027048445680065925e+00
3.028916267365155512e+00
3.031865309206376313e+00
3.034582923431000001e+00
3.037699423354915496e+00
3.040105673559998056e+00
3.043211919097180918e+00
3.045582872591903190e+00
3.048366024680475572e+00
3.051850855902992432e+00
3.055253754281817447e+00
3.058049865198027462e+00
3.061847834557154258e+00
3.064902109366125060e+00
3.067332306089775251e+00
3.070650797934757925e+00
3.073211940056957303e+00
3.075543944128903195e+00
3.078487187073106757e+00
3.081983940179095605e+00
3.084043678441942937e+00
3.086717907031451436e+00
3.090949915214699750e+00
3.093632252139017602e+00
3.097766757349355693e+00
3.100252036991974602e+00
3.102825794714209273e+00
3.104736364865018139e+00
3.107591477813365977e+00
3.110567072033020519e+00
3.112647671148910167e+00
3.115655178547267479e+00
3.118790383728722748e+00
3.121404911755216727e+00
3.123831095698691218e+00
3.126322694815006464e+00
3.129869552435515345e+00
3.132802344596107069e+00
3.136341452053268863e+00
3.139504886925014393e+00
3.141653920749435613e+00
3.144392797266481132e+00
3.147431968392838009e+00
3.149660969330514426e+00
3.151521208366931059e+00
3.154785294325046952e+00
3.157859082009355056e+00
3.161428861333767770e+00
3.164050442389287454e+00
3.166788400279442861e+00
3.170303269402723334e+00
3.172257205912259792e+00
3.175360695478048001e+00
3.178365278068198130e+00
3.181367727827280500e+00
3.184353199032197157e+00
3.187327320347973281e+00
3.189802125469678895e+00
3.194332388234846665e+00
3.197312456616892895e+00
3.199487360313026052e+00
3.202093418787942181e+00
3.205145198570043874e+00
3.207132932232531708e+00
3.211040930495329793e+00
3.213746694578718088e+00
3.216575878350134587e+00
3.218813495266753755e+00
3.221402099715823031e+00
3.224289888059857390e+00
3.226966215796756021e+00
3.229295234133203074e+00
3.232274248564205088e+00
3.234144650586243674e+00
3.236659386159284946e+00
3.239568411878726906e+00
3.242375766960677197e+00
3.244578630204100644e+00
3.247419972656971687e+00
3.250201407926144537e+00
3.253393972667784517e+00
3.255926717237673795e+00
3.259123290076182844e+00
3.262156942242969926e+00
3.265244763935238215e+00
3.267973537776162729e+00
3.271025146396441041e+00
3.273772621944598615e+00
3.276638036649535568e+00
3.280078174488714637e+00
3.281750471538190439e+00
3.284612597232073217e+00
3.288334037645976426e+00
3.291750028198194844e+00
3.294542905456959048e+00
3.299378429451163885e+00
3.301969124488339347e+00
3.304759312506898361e+00
3.307622947692732129e+00
3.309267190478847986e+00
3.311640140857983194e+00
3.314035036817101876e+00
3.316909297262584211e+00
3.320067260027476319e+00
3.322542863421513726e+00
3.324128750647582731e+00
3.327335363823400893e+00
3.331037455304779460e+00
3.333310108228048740e+00
3.336197489701670627e+00
3.339471281789842649e+00
3.341984028828695052e+00
3.344571213892311157e+00
3.347077492896887385e+00
3.349709306049409197e+00
3.354210128822759263e+00
3.356649177433161935e+00
3.360650794515113393e+00
3.363156528643603149e+00
3.366658567888881404e+00
3.369126439042890997e+00
3.370937435807027871e+00
3.374092008223992245e+00
3.376752144924836330e+00
3.379900647725391671e+00
3.383091944781418725e+00
3.386399033217923016e+00
3.389097324708835401e+00
3.392314374623455198e+00
3.394479334578635932e+00
3.397211506924181279e+00
3.400717511842805241e+00
3.402746836573473210e+00
3.405917402729329080e+00
3.409823727300762108e+00
3.412870186898429470e+00
3.416831132807181426e+00
3.420077376539140790e+00
3.423940430815938463e+00
3.426207075530292023e+00
3.430019018933650354e+00
3.434819899821477840e+00
3.437498249007425510e+00
3.440036842821703633e+00
3.442869173916498493e+00
3.445197357775534819e+00
3.448499370716923806e+00
3.451142698648459017e+00
3.454673408406945256e+00
3.458108599360133262e+00
3.461401615657594633e+00
3.464640306353729216e+00
3.467848342421025798e+00
3.470963588859290017e+00
3.474142775764408775e+00
3.476001224897180553e+00
3.478935831339982965e+00
3.480851411564279019e+00
3.484218387309496734e+00
3.486450514159559866e+00
3.489123114891881539e+00
3.492837219054791831e+00
3.495686693634710185e+00
3.498202562595738030e+00
3.501046263056042385e+00
3.504191050321252110e+00
3.506813656430801895e+00
3.509744530930319684e+00
3.512362451810091990e+00
3.515032906911720101e+00
3.517956786003443082e+00
3.521011318402443635e+00
3.523399823869129754e+00
3.525202801731181168e+00
3.527682202913656528e+00
3.530378710244436835e+00
3.533028482523306035e+00
3.534896736205827228e+00
3.538283354806016856e+00
3.540986605347276051e+00
3.543280336244147399e+00
3.545936682298538312e+00
3.548321135627845457e+00
3.551209942728049906e+00
3.554357425109095470e+00
3.556560083424815222e+00
3.559003204635337259e+00
3.561978804252658115e+00
3.565251766189260874e+00
3.568215209649573172e+00
3.571020377618799202e+00
3.573491246871656202e+00
3.575875310265316021e+00
3.579497341316407510e+00
3.581510088357317656e+00
3.583287572980891067e+00
3.586094597357044833e+00
3.587954579364436292e+00
3.591266710112382743e+00
3.593666448250651069e+00
3.596638638327996684e+00
3.599826535695905161e+00
3.604383581922510515e+00
3.608030752122714180e+00
3.610355615708786825e+00
3.612851179717373462e+00
3.615854146017277504e+00
3.619371040184165444e+00
3.622273023615320664e+00
3.624740304292186188e+00
3.627709629185928986e+00
3.631213787810780858e+00
3.633521034736899136e+00
3.636562485283883817e+00
3.639282982443719838e+00
3.642425309498845021e+00
3.645837248338118286e+00
3.648239041622515000e+00
3.651081987543861374e+00
3.653789336245713670e+00
3.656713921512273036e+00
3.660030796026102262e+00
3.662790006549780042e+00
3.665156998707281399e+00
3.667764899966269976e+00
3.670865026563362221e+00
3.674332684625684742e+00
3.676979793637073168e+00
3.680200458563511301e+00
3.684579950840411122e+00
3.686962246249075204e+00
3.689092615748271076e+00
3.690873734564823483e+00
3.695152749947533177e+00
3.696702237365832922e+00
3.698777225230573507e+00
3.701479862097509788e+00
3.704456599072173173e+00
3.708243437179366442e+00
3.711510242870604603e+00
3.714140679999305750e+00
3.716830241757436593e+00
3.720161896222192954e+00
3.722811020633443047e+00
3.726200318413503076e+00
3.728463967621646002e+00
3.731612002280306761e+00
3.734622431392795594e+00
3.737430655908399402e+00
3.740299783245538023e+00
3.743465813284801769e+00
3.745972924379486813e+00
3.749046522541073845e+00
3.751795983826996750e+00
3.754464513607613352e+00
3.757235294697120587e+00
3.760742089490615836e+00
3.763635628171277059e+00
3.766679937073853068e+00
3.769214222875953091e+00
3.772197615008315186e+00
3.775850762339429512e+00
3.778632704768450257e+00
3.780675440265978349e+00
3.783418072453471837e+00
3.785869979866802737e+00
3.789002375295573710e+00
3.791591855826540236e+00
3.794530385508998460e+00
3.798388115482083549e+00
3.800968234688156144e+00
3.805111899766375316e+00
3.809129653666011972e+00
3.811372135179848630e+00
3.813285324684798638e+00
3.815261034714442001e+00
3.817165857265126139e+00
3.820157330682180330e+00
3.823141333396121055e+00
3.826061160145248774e+00
3.829508505928175044e+00
3.831972677184593223e+00
3.835337604157327274e+00
3.838196985387916538e+00
3.841714466640587577e+00
3.843927717528207832e+00
3.846890319721083529e+00
3.849410890138137198e+00
3.852618020205537785e+00
3.856098602627845207e+00
3.859430841789883271e+00
3.861974664908630395e+00
3.864483743567729057e+00
3.867009279518808018e+00
3.870056407590448444e+00
3.871962019600199145e+00
3.874662554796233671e+00
3.878048586453215929e+00
3.880337287020451331e+00
3.882914758191375437e+00
3.885564860199438808e+00
3.888269681186171223e+00
3.891304644418348779e+00
3.893012617408038611e+00
3.895912702043267561e+00
3.898374930520192905e+00
3.901197990502329294e+00
3.904754339333183388e+00
3.908090939067912384e+00
3.911811779876737116e+00
3.913905483126499885e+00
3.916965739498789123e+00
3.920101940265214413e+00
3.923933107700460887e+00
3.927631427068345449e+00
3.931328504017584269e+00
3.933835980386141351e+00
3.935648001113081662e+00
3.938669950903575856e+00
3.941605571832330401e+00
3.945125566569863018e+00
3.948078343964626757e+00
3.950471684159834407e+00
3.954240155014810743e+00
3.956560760141316635e+00
3.960190970349147577e+00
3.962540808967908834e+00
3.965521705439340572e+00
3.968489406920051810e+00
3.971367595514966542e+00
3.974636705325324204e+00
3.977800210768207556e+00
3.979927025828410958e+00
3.982564100234148086e+00
3.987181406371691050e+00
3.990157229489213364e+00
3.992290468386881841e+00
3.994641790891285904e+00
3.997732700334517553e+00
3.999584005171439749e+00
4.003268052276031774e+00
4.006118589686118447e+00
4.008998235189416448e+00
4.011286883773912848e+00
4.014570540485775219e+00
4.016822864276604399e+00
4.019028798371931721e+00
4.022215193539895317e+00
4.024891876971889104e+00
4.027889507198881169e+00
4.030823410042133403e+00
4.033212590889402982e+00
4.037313441272687875e+00
4.039639729808352620e+00
4.042129533216484383e+00
4.045070586849003114e+00
4.047531718587807248e+00
4.050358550503993627e+00
4.052646639373125304e+00
4.056548710917898148e+00
4.059577299783079241e+00
4.062426045157686794e+00
4.065520203504029872e+00
4.069854000171718056e+00
4.072838069396690130e+00
4.074699024975774186e+00
4.077787407522963647e+00
4.081960144810275359e+00
4.084423404852104866e+00
4.087280091271342286e+00
4.090169220129604710e+00
4.092053137453058653e+00
4.094603596623838548e+00
4.097604910284928792e+00
4.100165589430191382e+00
4.102879316977921853e+00
4.106175068213953949e+00
4.108244352154880374e+00
4.110578662012773776e+00
4.113927432966361764e+00
4.117216264333392495e+00
4.120703759585722104e+00
4.123000305296586454e+00
4.126438220725850314e+00
4.129702285394552419e+00
4.132116278945493271e+00
4.136006594246706136e+00
4.138148426979285865e+00
4.140927761793559370e+00
4.144494598048780176e+00
4.147453222112795324e+00
4.150230374711601833e+00
4.153393231679124220e+00
4.155870316186409674e+00
4.158918969010853672e+00
4.161485306747100488e+00
4.164149758141453717e+00
4.167247778705060135e+00
4.170312800727073999e+00
4.172615513077706950e+00
4.175416545575528993e+00
4.177735096865697884e+00
4.179999644434759354e+00
4.183500826631481040e+00
4.185750509307959000e+00
4.189272470482704236e+00
4.192140285013651990e+00
4.195365406951436782e+00
4.197882007354011513e+00
4.201169123665813743e+00
4.205071246901805004e+00
4.207249588629943915e+00
4.210111347369052126e+00
4.212131844793114865e+00
4.214207177372256474e+00
4.218268865739232432e+00
4.221471390778970267e+00
4.224795297991490450e+00
4.227306162683063917e+00
4.230131297461578121e+00
4.232871975046288426e+00
4.236231347802074332e+00
4.239302334976711606e+00
4.242867807352767251e+00
4.244533772066970023e+00
4.247130453296043662e+00
4.250147779082618094e+00
4.252924323091023417e+00
4.255603841712638946e+00
4.259366320566957853e+00
4.262639278950006272e+00
4.265816949877462072e+00
4.268435203302089143e+00
4.273379469871908753e+00
4.275924095299052041e+00
4.278023474729795161e+00
4.280686588651777313e+00
4.283184227662873766e+00
4.286327274395656417e+00
4.288748970065372923e+00
4.291840799970976228e+00
4.294675491879013762e+00
4.298705531335337504e+00
4.302143670150191390e+00
4.306065837866957402e+00
4.309638325812400694e+00
4.311861023413540828e+00
4.313590530067751061e+00
4.317599430186039200e+00
4.320852259084495550e+00
4.324013335779701706e+00
4.326343622846934522e+00
4.328907034483224336e+00
4.332596606661302197e+00
4.335257435034034046e+00
4.338536418845584386e+00
4.341501909648051161e+00
4.346505152372521330e+00
4.349640693000368152e+00
4.351770648482133019e+00
4.354904594937994311e+00
4.358463964828451331e+00
4.360516054580250156e+00
4.362980767816966754e+00
4.366779500196003916e+00
4.368620937495705903e+00
4.371105028191383468e+00
4.373165831136753390e+00
4.377865625336770705e+00
4.380684517382851695e+00
4.385036553717927887e+00
4.387123824934357152e+00
4.391433267058169498e+00
4.394511698553476897e+00
4.399353617451359000e+00
4.402637970463307404e+00
4.404563601223219216e+00
4.407689774557300488e+00
4.410459600053103557e+00
4.412707019477786652e+00
4.415915289369854335e+00
4.418304496055863950e+00
4.421190207874285072e+00
4.424158554307267011e+00
4.427327236743451522e+00
4.430037804892764441e+00
4.433143801022294106e+00
4.436737364715248155e+00
4.439685568643103153e+00
4.444741075501935867e+00
4.448002682857262080e+00
4.451266608916022882e+00
4.454757835904252339e+00
4.458191800177901065e+00
4.460141918280324802e+00
4.462766487954852757e+00
4.467073409924187111e+00
4.470028964810491168e+00
4.473643129793396511e+00
4.476120874103233227e+00
4.478509841639402467e+00
4.481024736501099781e+00
4.483759818739296854e+00
4.487120000567593969e+00
4.489388799931873564e+00
4.491241091976872823e+00
4.493674673354892235e+00
4.495914806043855627e+00
4.499191607754970512e+00
4.502831566896666082e+00
4.505866198211259110e+00
4.508592446711266355e+00
4.511822857143636512e+00
4.514095578917245000e+00
4.516424538922404253e+00
4.518733194885088622e+00
4.521350286557399123e+00
4.525057337827907311e+00
4.528073291401900846e+00
4.529923106195372640e+00
4.533565636880893202e+00
4.536751131522832381e+00
4.539567488084649050e+00
4.541111150433154720e+00
4.543827141965961935e+00
4.547596181096039025e+00
4.550806145262972002e+00
4.553830730969523621e+00
4.556255994778763529e+00
4.559622588978799129e+00
4.561564297305360505e+00
4.565770146657645689e+00
4.568715813691516914e+00
4.571329232933347697e+00
4.573142193426255275e+00
4.576985688151601117e+00
4.580329206668927178e+00
4.585360132112029419e+00
4.588524659857867505e+00
4.591916947825079198e+00
4.594350661886597464e+00
4.596537726042567051e+00
4.598643239321348553e+00
4.602142247243330431e+00
4.605749917066430221e+00
4.609106393427168769e+00
4.612932795908049499e+00
4.617059153312182751e+00
4.619755925201160629e+00
4.623019762214084949e+00
4.625974688733251128e+00
4.628470745019494181e+00
4.631736078691504055e+00
4.634338211489305692e+00
4.637454583379033046e+00
4.640554879287894785e+00
4.643343912338383284e+00
4.645289428858453640e+00
4.647288473099232320e+00
4.650781388024966212e+00
4.654032024791345812e+00
4.657422771106141113e+00
4.660955715123688670e+00
4.663568186313594488e+00
4.666122428984554205e+00
4.669313418462860632e+00
4.671659227965818673e+00
4.673370577897864031e+00
4.676576414884475064e+00
4.679344639373577586e+00
4.682249379391332234e+00
4.685044632910551066e+00
4.688129537360551602e+00
4.691179939746775496e+00
4.694752305831591421e+00
4.698673305739732520e+00
4.701318412185225171e+00
4.704894065466311837e+00
4.708064576089678432e+00
4.710971049373611663e+00
4.712778016987899221e+00
4.716079663314387105e+00
4.719155700953868049e+00
4.722765298083353436e+00
4.725962268317688952e+00
4.730315651489953588e+00
4.733133049299445894e+00
4.735454236885464852e+00
4.739520819312228461e+00
4.743479434019690189e+00
4.745214235983225670e+00
4.747845484101246072e+00
4.750674890460787836e+00
4.753057171043254314e+00
4.755402097241053561e+00
4.757866076785342457e+00
4.760548088034310510e+00
4.763069601327958758e+00
4.766845237876697006e+00
4.769602686632400612e+00
4.773246039746685376e+00
4.776423569517743495e+00
4.779439760876697640e+00
4.782055964572846207e+00
4.785655276578447470e+00
4.789252472724117027e+00
4.791879118548378891e+00
4.794740838504773173e+00
4.798441062133492530e+00
4.802540051968315460e+00
4.806976665554411277e+00
4.809603621167085841e+00
4.812344609908370430e+00
4.815617220328119785e+00
4.818547493314380148e+00
4.822089286878304293e+00
4.824331024630351017e+00
4.826498995471760978e+00
4.829808378465475727e+00
4.832119808428893215e+00
4.835192843421734388e+00
4.836827429586922023e+00
4.838848093933637351e+00
4.841825284069661173e+00
4.844368831783030238e+00
4.847610872261657100e+00
4.851099271796203816e+00
4.854319928433982412e+00
4.856644474024140123e+00
4.859092301234230860e+00
4.862531258301191706e+00
4.864867791672735642e+00
4.867775676668091300e+00
4.870688180673469425e+00
4.873611578549756018e+00
4.877067862448085656e+00
4.880248474928924551e+00
4.884312722612668800e+00
4.887989547754775010e+00
4.891644250498178081e+00
4.895652222053120006e+00
4.898732941523436857e+00
4.902195034569930776e+00
4.904646431803301176e+00
4.907868155687324041e+00
4.910585207916065897e+00
4.913895034656183824e+00
4.916546085534283073e+00
4.921837996419656136e+00
4.925145802967538344e+00
4.928712084760872969e+00
4.931045542285419359e+00
4.933926489063693133e+00
4.937348530219846765e+00
4.942015480330786303e+00
4.944803730166445810e+00
4.948255377095502006e+00
4.951200310803476334e+00
4.953936827256778308e+00
4.956646413558599029e+00
4.958025877317618679e+00
4.961186594921326076e+00
4.965590784749644548e+00
4.969050753299127265e+00
4.971471408789857271e+00
4.975060602726227188e+00
4.977617884793096081e+00
4.980563025594752169e+00
4.983289186496217660e+00
4.986545853558967067e+00
4.990060168609690372e+00
4.992651688776912344e+00
4.995458520022975080e+00
4.999020979299987566e+00
5.002717224980787414e+00
5.006040122419297411e+00
5.008779014662758655e+00
5.010420546659011265e+00
5.012039529680305527e+00
5.015959161345323380e+00
5.020549251811146085e+00
5.023879926150434549e+00
5.026635035936856788e+00
5.029113817848854140e+00
5.031699160045103092e+00
5.034636849068074405e+00
5.038557782741551527e+00
5.043392666110949385e+00
5.046928268967681319e+00
5.049090166364134546e+00
5.052158910687514215e+00
5.054692713589678199e+00
5.058090567251110947e+00
5.060591636579855113e+00
5.064132003738557763e+00
5.068004939921729068e+00
5.071454799098748190e+00
5.074597274029047256e+00
5.078350478966441983e+00
5.081555441833714326e+00
5.084486112661337209e+00
5.087542130837798382e+00
5.091509846191290656e+00
5.093939953615486793e+00
5.096300003343301022e+00
5.099717114337883217e+00
5.101406142232506546e+00
5.103923646637269940e+00
5.107643091145624759e+00
5.111445441148847912e+00
5.114715371534893862e+00
5.117540227614457038e+00
5.120569809576003273e+00
5.123214479224454720e+00
5.125990133822569739e+00
5.128447604342666999e+00
5.132008910041178318e+00
5.135416652211846511e+00
5.137684786499678857e+00
5.141538867110695854e+00
5.147100292260769372e+00
5.150355716430828679e+00
5.153822891466697698e+00
5.156395671108992218e+00
5.160255075094959842e+00
5.164575073945702144e+00
5.168142131935326233e+00
5.171636261335991414e+00
5.174068184578769269e+00
5.175816763758150252e+00
5.178839600063681381e+00
5.181093726992282100e+00
5.184576182405804978e+00
5.187982143412893876e+00
5.191387469358660134e+00
5.194258722037035980e+00
5.198084136137522293e+00
5.201288404061212844e+00
5.204370925120679559e+00
5.207331712997543605e+00
5.209696321099102079e+00
5.212812787175717055e+00
5.217739147144561329e+00
5.221100340811426044e+00
5.225023542509392271e+00
5.229624785185735369e+00
5.233643730789667714e+00
5.236299522457360744e+00
5.238596534422843121e+00
5.242394128699470635e+00
5.245601752266641604e+00
5.251378841406670439e+00
5.253948528801779538e+00
5.257764638110922206e+00
5.261469345979501888e+00
5.264003294747443995e+00
5.265751448249854860e+00
5.269209951392430646e+00
5.273134453135553734e+00
5.276651526020972760e+00
5.279459878380200699e+00
5.282883630246692164e+00
5.286752059407405113e+00
5.289059396195129104e+00
5.292418646842068419e+00
5.295630558567382629e+00
5.299490599544720126e+00
5.302732959529658174e+00
5.305440873396860546e+00
5.309039537086068350e+00
5.311809728632186811e+00
5.314265489709492307e+00
5.316824357362482267e+00
5.318490339691306801e+00
5.323477024175796934e+00
5.327036123202896434e+00
5.331386125819029154e+00
5.335250594201412788e+00
5.338583728314426402e+00
5.341648493514617790e+00
5.346403376971633037e+00
5.350763444668242386e+00
5.354297207977054107e+00
5.357831857374001139e+00
5.361391697712509341e+00
5.363733174608989351e+00
5.367407785579489499e+00
5.369965262878662493e+00
5.373738604993066659e+00
5.376842151354413346e+00
5.380068666003123390e+00
5.382723190526842671e+00
5.388120124252884224e+00
5.392745716026057679e+00
5.396256583699172715e+00
5.400492099869599549e+00
5.406027399322670846e+00
5.410614435047031101e+00
5.414847894288794983e+00
5.418268483356425413e+00
5.422743167480323478e+00
5.425202243956046111e+00
5.428022519507461396e+00
5.431639696868638900e+00
5.436797524582902774e+00
5.439913163379391570e+00
5.444618454298384869e+00
5.449230640517293445e+00
5.454102252535594886e+00
5.458368372573032090e+00
5.463606721129138144e+00
5.468605932510503642e+00
5.473747393206565448e+00
5.478015762601009975e+00
5.482002935541664179e+00
5.488636234461287344e+00
5.494144666096635099e+00
5.500921383311117019e+00
5.506904830310839216e+00
5.511932035364560889e+00
5.516431206741989612e+00
5.520667593004200846e+00
5.525416879936403625e+00
5.531768650851963898e+00
5.537656719407932471e+00
5.542217901568714744e+00
5.547955976517866539e+00
5.554457572271188859e+00
5.560381140371962516e+00
5.564305285352765473e+00
5.568492918668691338e+00
5.573676325255433106e+00
5.578538914782067870e+00
5.583838200037485322e+00
5.589312702367141839e+00
5.598436238526340425e+00
5.605154579960953676e+00
5.609715047085493289e+00
5.613974615184862849e+00
5.623696018649459560e+00
5.630714045176524074e+00
5.638126731280777015e+00
5.643718205079760075e+00
5.654905254007112525e+00
5.661958107208826085e+00
5.671602544967123904e+00
5.677304953446514091e+00
5.686126567716060620e+00
5.695477588029201677e+00
5.703892458868550008e+00
5.714937023374544900e+00
5.727101259698163638e+00
5.739973527130155517e+00
5.749953951445125000e+00
5.756852706283665633e+00
5.769878024806099681e+00
5.781181687448337492e+00
5.797857432423821678e+00
5.820140005646971204e+00
5.837470030923828546e+00
5.883461215411164069e+00
5.934082565854411406e+00
