Eigenvalues
-8.285117287129416752e+00
-8.168822317762529650e+00
-8.084113937407972017e+00
-8.042465446292805353e+00
-8.016165217006822274e+00
-7.980128589465825151e+00
-7.948519459061000880e+00
-7.924934803751210843e+00
-7.906565220822074913e+00
-7.873594470564994730e+00
-7.860870724911217522e+00
-7.844420754036568688e+00
-7.829500106465045128e+00
-7.802581257661086234e+00
-7.789214938693374002e+00
-7.772113478751157878e+00
-7.759704235252399940e+00
-7.736083382262868291e+00
-7.721259992654810667e+00
-7.701735394253278244e+00
-7.690045248916212550e+00
-7.679055540521932954e+00
-7.665805350257055117e+00
-7.653461867434098842e+00
-7.639412104905303202e+00
-7.623658298789352195e+00
-7.611586356674963305e+00
-7.595699591148130203e+00
-7.587204310815651276e+00
-7.574699659517110994e+00
-7.565119009704829978e+00
-7.553575265093622981e+00
-7.537313054528625322e+00
-7.524982449384691741e+00
-7.515558480556015830e+00
-7.504814581758139092e+00
-7.492840646117144843e+00
-7.482498861025472792e+00
-7.470430356064371225e+00
-7.455730420235082256e+00
-7.447169863810200852e+00
-7.438094963294830997e+00
-7.422511302123944610e+00
-7.414577767774352068e+00
-7.402314721899175609e+00
-7.393158342480616874e+00
-7.384431554892164407e+00
-7.372960908119065238e+00
-7.360262182319418756e+00
-7.350077824109301439e+00
-7.341722827434513654e+00
-7.333977928216957487e+00
-7.321377553307440778e+00
-7.312110975861193296e+00
-7.305041928573031029e+00
-7.298197256624451512e+00
-7.287003060649571040e+00
-7.278336083827753100e+00
-7.267850162113989931e+00
-7.256948517957918732e+00
-7.247269633615943007e+00
-7.236297151353938695e+00
-7.226921601332136014e+00
-7.218868827977599878e+00
-7.210231420358445220e+00
-7.198714439155693867e+00
-7.191077352997687022e+00
-7.183253663637447772e+00
-7.172466259313162062e+00
-7.161542715280980964e+00
-7.154975900616760143e+00
-7.148811857608905029e+00
-7.139156698753913233e+00
-7.128644206521660642e+00
-7.123564675843908844e+00
-7.112566027386383993e+00
-7.104979133976567773e+00
-7.096846107574043216e+00
-7.087839041997781031e+00
-7.082467309367820540e+00
-7.074290132559508670e+00
-7.063821457414587890e+00
-7.055693079539406831e+00
-7.044410012590737402e+00
-7.037810969153449392e+00
-7.028832931360797787e+00
-7.019499094512680948e+00
-7.009408804457737396e+00
-7.002000553431710017e+00
-6.995748143099505434e+00
-6.987210967966106523e+00
-6.977429152927187239e+00
-6.968859232489331923e+00
-6.960818011557530660e+00
-6.950950846291722662e+00
-6.945641989388082749e+00
-6.937830926672723386e+00
-6.931793414176106616e+00
-6.920547922584835199e+00
-6.911955614922967506e+00
-6.903917678002820857e+00
-6.894386476456443091e+00
-6.887587894875690786e+00
-6.879401663333314154e+00
-6.871622025498457020e+00
-6.863342987969392794e+00
-6.857745209155390320e+00
-6.847455397403250821e+00
-6.840058840413097307e+00
-6.832436126687510658e+00
-6.824320288726581474e+00
-6.817866466931358893e+00
-6.812742757458137177e+00
-6.806013382686218804e+00
-6.795918690369106230e+00
-6.789100882632569167e+00
-6.779584769958814761e+00
-6.772367707204328013e+00
-6.764206775753483392e+00
-6.757275068298720377e+00
-6.750213379645559897e+00
-6.742966274886344813e+00
-6.734965858440998154e+00
-6.724105569514823522e+00
-6.717207963603158305e+00
-6.707212176694110184e+00
-6.701314385126658557e+00
-6.693257068800301468e+00
-6.685602317427295382e+00
-6.677464428513285810e+00
-6.672181882110366224e+00
-6.662440795492515555e+00
-6.654153486834897713e+00
-6.646371044033613451e+00
-6.637367877791628956e+00
-6.628972868135840635e+00
-6.620603852187581850e+00
-6.610813839033738759e+00
-6.603169580001083006e+00
-6.597333300650233490e+00
-6.590918695641833303e+00
-6.583686683903030357e+00
-6.573802821693430332e+00
-6.566751275387248121e+00
-6.558219408865336497e+00
-6.552543364016997884e+00
-6.541902851186563339e+00
-6.535513824350198675e+00
-6.529257617646567091e+00
-6.522101953708383526e+00
-6.515147125249196591e+00
-6.504884767111078325e+00
-6.496927259999461413e+00
-6.487401005546613142e+00
-6.479192393158151653e+00
-6.471904664181238331e+00
-6.465324550248400470e+00
-6.458844619102347195e+00
-6.451151123443170654e+00
-6.446390121507909576e+00
-6.438560262686750413e+00
-6.431437269735386764e+00
-6.424124553031006712e+00
-6.417312859409217474e+00
-6.409975404877223504e+00
-6.401127346720485001e+00
-6.393351787536085240e+00
-6.386341162620672307e+00
-6.378504408909361878e+00
-6.372189462783167002e+00
-6.366710837649124599e+00
-6.359517329451612078e+00
-6.352600192685570413e+00
-6.346281703130686402e+00
-6.338673460622481493e+00
-6.331663975184684823e+00
-6.325083485307336773e+00
-6.317731050452604080e+00
-6.309272037556930890e+00
-6.302896505575365182e+00
-6.294987776961174397e+00
-6.288054753567816846e+00
-6.280764952562691406e+00
-6.272824376032146709e+00
-6.265125798707350313e+00
-6.256061187804338175e+00
-6.247874704263449708e+00
-6.242141544331449410e+00
-6.235855763086590287e+00
-6.229761533270480989e+00
-6.221419670233070853e+00
-6.215778106775617040e+00
-6.208885641067825034e+00
-6.200531984716003642e+00
-6.194853187578742926e+00
-6.188900823317283972e+00
-6.180396798037120831e+00
-6.173542381985885008e+00
-6.166783667175911532e+00
-6.159847303238762173e+00
-6.152704481511237056e+00
-6.146954028520851487e+00
-6.140036573717487123e+00
-6.132231445016063986e+00
-6.125973525358313410e+00
-6.120518630868038379e+00
-6.113797933271571949e+00
-6.105234717974729719e+00
-6.099010475462796066e+00
-6.091950617089873177e+00
-6.085528895405943217e+00
-6.079005194717478133e+00
-6.072416678192678496e+00
-6.066257320910287909e+00
-6.058772387318509089e+00
-6.052676715109237549e+00
-6.047356213529604396e+00
-6.038927578183552747e+00
-6.032106026393377896e+00
-6.023174740015153183e+00
-6.016648573432026303e+00
-6.012091991607889874e+00
-6.004725486824798786e+00
-5.996756983145655973e+00
-5.990625542716069951e+00
-5.981248655061557784e+00
-5.972886592025836272e+00
-5.965752551221616073e+00
-5.957853489560458016e+00
-5.951886763729963725e+00
-5.944049033509279489e+00
-5.938982441301289050e+00
-5.931170571959555105e+00
-5.925480453652803625e+00
-5.918303687167548510e+00
-5.912155737961928281e+00
-5.903827819679948519e+00
-5.897848229488003469e+00
-5.890652652146107116e+00
-5.885130979944444007e+00
-5.879550026251664896e+00
-5.873212652541552892e+00
-5.867285807599623482e+00
-5.860404145481704852e+00
-5.855291098207091594e+00
-5.848728796789558260e+00
-5.840610897677549929e+00
-5.835179970285638618e+00
-5.829383926092164714e+00
-5.822897984108832858e+00
-5.817008022714969862e+00
-5.809975770579475451e+00
-5.803860198749788424e+00
-5.797029712658756218e+00
-5.791531305281480080e+00
-5.784873904218631679e+00
-5.777859357411980312e+00
-5.769107038562597545e+00
-5.762616081454592809e+00
-5.757468923409819084e+00
-5.751645241103956252e+00
-5.745495841614959076e+00
-5.737461458773937650e+00
-5.730326918906939682e+00
-5.724474789644930617e+00
-5.719065476132775494e+00
-5.710847097723819488e+00
-5.706008540824644371e+00
-5.699537407663807898e+00
-5.692297530834431463e+00
-5.685809436023013141e+00
-5.679001928558125911e+00
-5.673885236868191129e+00
-5.667248877695940656e+00
-5.661802023848797383e+00
-5.655373684241534527e+00
-5.650186179416617271e+00
-5.643582393748624249e+00
-5.637702139530387235e+00
-5.631276505282243328e+00
-5.623786198210203757e+00
-5.617674109058389931e+00
-5.612622591829284247e+00
-5.606049473620834611e+00
-5.599685293383730667e+00
-5.594126041553471929e+00
-5.588038641221614533e+00
-5.581214205594279498e+00
-5.576128533481500504e+00
-5.568966812205792039e+00
-5.562536757099547202e+00
-5.556299652477345141e+00
-5.549124458183992914e+00
-5.543733219599115358e+00
-5.535469413762377222e+00
-5.530108880181365372e+00
-5.523907364500886708e+00
-5.517732157969645890e+00
-5.510356430856793608e+00
-5.504987005457753213e+00
-5.498289649005507762e+00
-5.492167334107987742e+00
-5.486516003676483955e+00
-5.479719211319209471e+00
-5.471752251849627768e+00
-5.465035828962005127e+00
-5.458639341466593464e+00
-5.453113864385901621e+00
-5.446482092057299162e+00
-5.439427605938351284e+00
-5.434424029195529471e+00
-5.428352914631536130e+00
-5.420884063098978523e+00
-5.414309910457502539e+00
-5.406142615149903463e+00
-5.400054151879203346e+00
-5.391853406601458509e+00
-5.385645200575912561e+00
-5.379429078842397516e+00
-5.375689483159378668e+00
-5.368777746536299134e+00
-5.362566864303659919e+00
-5.356416084596078875e+00
-5.350660694249890881e+00
-5.345301435089740316e+00
-5.339651950284675763e+00
-5.334242669633271205e+00
-5.329468767046213529e+00
-5.323520947082012178e+00
-5.316658646650865627e+00
-5.311693290650453925e+00
-5.306921198690603525e+00
-5.301449565050319279e+00
-5.294869380104129775e+00
-5.289440890990499966e+00
-5.282592256518679363e+00
-5.276799803630481733e+00
-5.270955660150232092e+00
-5.264934680553488455e+00
-5.257425286139309151e+00
-5.251716149414907164e+00
-5.246669391927716752e+00
-5.240622463866216663e+00
-5.233157878602745505e+00
-5.226281995539076242e+00
-5.220000541140671579e+00
-5.213014635209774816e+00
-5.207683634299334230e+00
-5.200336056928954953e+00
-5.195626572757868544e+00
-5.189549356665301261e+00
-5.184727088895998648e+00
-5.178457324474849521e+00
-5.172775816174843833e+00
-5.166952148623845886e+00
-5.161201747629198699e+00
-5.154183111464830880e+00
-5.148860080502695169e+00
-5.142793572016936210e+00
-5.137251885750725222e+00
-5.129569146916435507e+00
-5.122801434705647416e+00
-5.116707659752562698e+00
-5.111241292516720769e+00
-5.105459428589041337e+00
-5.098697419373636741e+00
-5.092300362001273228e+00
-5.086255560379223439e+00
-5.082146923168957109e+00
-5.075970114299838798e+00
-5.069861533072690385e+00
-5.065082716896463388e+00
-5.059516274550935222e+00
-5.053632626835922181e+00
-5.046493703490151361e+00
-5.040688629100182006e+00
-5.033664466302925078e+00
-5.027263870355271891e+00
-5.023217139194147585e+00
-5.013863343226469205e+00
-5.008375771826532485e+00
-5.002439508029657311e+00
-4.998234179023373969e+00
-4.993064287886677555e+00
-4.986485884331910867e+00
-4.980662117750322970e+00
-4.975210676997209092e+00
-4.968971741576718060e+00
-4.963033327306922260e+00
-4.957912445508617871e+00
-4.951751820269448601e+00
-4.945351887406873814e+00
-4.939683610407374914e+00
-4.933646113072089889e+00
-4.928051672746383005e+00
-4.921646844632156181e+00
-4.915824721409967069e+00
-4.910008333073053954e+00
-4.905188399457055759e+00
-4.899705201391318710e+00
-4.893446378149403309e+00
-4.888239337137990859e+00
-4.882154719321691871e+00
-4.876122237133305504e+00
-4.870727077098333524e+00
-4.865635434046970964e+00
-4.860100612674862042e+00
-4.853670593877382089e+00
-4.849661444091051266e+00
-4.843661586315792356e+00
-4.837718143678867655e+00
-4.832050111930488612e+00
-4.825292801654914143e+00
-4.820831970015122536e+00
-4.813717598654347896e+00
-4.807771675849372706e+00
-4.800764360382391516e+00
-4.794077006514132044e+00
-4.788503787023842939e+00
-4.782692064190176673e+00
-4.777365172225360723e+00
-4.771083833264551544e+00
-4.765324885660760401e+00
-4.760488031425571975e+00
-4.754159813026808123e+00
-4.747706504141572914e+00
-4.740857207723239597e+00
-4.734912394102895661e+00
-4.729551787799750606e+00
-4.724954523058690015e+00
-4.718985847186401905e+00
-4.714034702017473322e+00
-4.709721412638494975e+00
-4.703510469749218714e+00
-4.696889994181114858e+00
-4.691255585561976638e+00
-4.685642804949607942e+00
-4.679269328974497100e+00
-4.674028829513258820e+00
-4.668789335704143895e+00
-4.662273630350560971e+00
-4.656513072340973558e+00
-4.649940438860488356e+00
-4.643598486613854881e+00
-4.639430769070219007e+00
-4.632255686283091478e+00
-4.626438282725618301e+00
-4.620450707932300283e+00
-4.615591402498180784e+00
-4.611198422349685799e+00
-4.605565200366595668e+00
-4.597942297099915088e+00
-4.592060150232518012e+00
-4.586749734206061468e+00
-4.581155470936235652e+00
-4.576726765117469675e+00
-4.570446004599696188e+00
-4.564598605068023396e+00
-4.559324595500235056e+00
-4.554773678812080284e+00
-4.548702520161851837e+00
-4.541975773073312794e+00
-4.537305216754639936e+00
-4.531553232653836361e+00
-4.527004560535373479e+00
-4.519577268392698244e+00
-4.513178840286365734e+00
-4.507831671982882149e+00
-4.501817750116449801e+00
-4.496511388230074679e+00
-4.490008490088639448e+00
-4.483691785487168069e+00
-4.478774893337376106e+00
-4.471446080105520693e+00
-4.466037071395319025e+00
-4.461746388346796266e+00
-4.455557292003549108e+00
-4.449950138370605934e+00
-4.445390538136243741e+00
-4.439232190503775044e+00
-4.435074775981133754e+00
-4.429220979765472244e+00
-4.424382264268886367e+00
-4.419144200809100198e+00
-4.413866809221072884e+00
-4.407802017886292667e+00
-4.403387678678787331e+00
-4.397803381635162268e+00
-4.392012790513643239e+00
-4.386100557535968392e+00
-4.379553861934145864e+00
-4.374828601482827928e+00
-4.368631185037049391e+00
-4.362303202001601043e+00
-4.357939051938087616e+00
-4.352253055072305088e+00
-4.347675128561970581e+00
-4.342236458262841658e+00
-4.336992264555899368e+00
-4.331001310370108826e+00
-4.324789569066971318e+00
-4.320444259479457649e+00
-4.316373956034876613e+00
-4.310834052820930573e+00
-4.304602052144519853e+00
-4.299623044076657408e+00
-4.293292370348256171e+00
-4.287450180261078714e+00
-4.282085120746470075e+00
-4.277300655805268192e+00
-4.273168067823768901e+00
-4.268322326367663067e+00
-4.263379998945477922e+00
-4.256938327300431979e+00
-4.252069672440230264e+00
-4.246179875105338120e+00
-4.240432220111291173e+00
-4.236954154306543430e+00
-4.233194482205793641e+00
-4.227632593183333398e+00
-4.222254907957105452e+00
-4.216669562445960473e+00
-4.211452079243839464e+00
-4.206331623306850176e+00
-4.200346944703608365e+00
-4.194553731930239060e+00
-4.189151886945752246e+00
-4.184016970057505169e+00
-4.178490945556124103e+00
-4.173727696766859729e+00
-4.167857331045799363e+00
-4.162582920665284014e+00
-4.158478764716329934e+00
-4.152669435270413878e+00
-4.147078473256936348e+00
-4.140391536726983013e+00
-4.136298461218232525e+00
-4.129794154584780941e+00
-4.125616697871569372e+00
-4.120148326705720621e+00
-4.114926200611702889e+00
-4.109642205253258851e+00
-4.104918182598661147e+00
-4.097955406540728873e+00
-4.093097848112533299e+00
-4.087633019954689750e+00
-4.080813446584945048e+00
-4.075886617282608704e+00
-4.072294948060138253e+00
-4.068283750327912784e+00
-4.063153234867156627e+00
-4.058909075528626786e+00
-4.052692087085746131e+00
-4.046269541436995354e+00
-4.041058130680202254e+00
-4.034736818744603326e+00
-4.030524385644682184e+00
-4.025336171466062041e+00
-4.020064712765593740e+00
-4.014875333948975999e+00
-4.009787787347033117e+00
-4.005750658085504234e+00
-4.000001055062062605e+00
-3.994673149131522827e+00
-3.989047174155433417e+00
-3.984233142171784703e+00
-3.979340050464630352e+00
-3.975767766718457885e+00
-3.969901397301731638e+00
-3.963129005958687667e+00
-3.958754684177409722e+00
-3.953391511540141678e+00
-3.947818242042988590e+00
-3.942502071172548916e+00
-3.937860885464710581e+00
-3.931742420140371674e+00
-3.927106927805612990e+00
-3.922688179604153280e+00
-3.918992591606374365e+00
-3.914978877734673457e+00
-3.909188739219627617e+00
-3.904843569463853914e+00
-3.899221993771498251e+00
-3.894864402672913339e+00
-3.888417745290233096e+00
-3.883242867784365338e+00
-3.879573803599372539e+00
-3.874305244343218213e+00
-3.870161326515016764e+00
-3.864432109593991527e+00
-3.858520917990868604e+00
-3.854831823592923978e+00
-3.848730284822784675e+00
-3.845275108340963310e+00
-3.837621347999591759e+00
-3.831693714276275475e+00
-3.827632383307238317e+00
-3.823417820331890038e+00
-3.818897884528758446e+00
-3.813892968697278452e+00
-3.809035140800198782e+00
-3.803682001034705884e+00
-3.798386509823814094e+00
-3.793266323780757787e+00
-3.788445526240852068e+00
-3.784451953572040672e+00
-3.779395363019761422e+00
-3.774755171396404485e+00
-3.769559849728779000e+00
-3.765494825480603769e+00
-3.760388610642602991e+00
-3.754886858292995289e+00
-3.748910958706168639e+00
-3.744639429201910286e+00
-3.740101927793356040e+00
-3.736018238997515173e+00
-3.732656702170682017e+00
-3.727864123701585708e+00
-3.723893977956362900e+00
-3.719143114533615346e+00
-3.714151091378435687e+00
-3.709777322761820706e+00
-3.705237982172174593e+00
-3.700517466232227992e+00
-3.694901763734791178e+00
-3.691048289334443844e+00
-3.686336040185742569e+00
-3.681967395901713846e+00
-3.677028742249638160e+00
-3.672968146325085392e+00
-3.667641398921680285e+00
-3.662923493605779068e+00
-3.658256240058085140e+00
-3.654581518879608026e+00
-3.649069310236713548e+00
-3.644082379404589567e+00
-3.639647500180852813e+00
-3.635074383856954139e+00
-3.628262687108334106e+00
-3.623873003694962236e+00
-3.619063601824811016e+00
-3.613839602288244190e+00
-3.609647738170736808e+00
-3.605518505632175241e+00
-3.600669809988440218e+00
-3.595820514017610936e+00
-3.591006628950520696e+00
-3.586248821353648975e+00
-3.581599954107786310e+00
-3.577610698077142271e+00
-3.573622521453264422e+00
-3.568636859131509187e+00
-3.563220944889449626e+00
-3.559087865881470414e+00
-3.555466536179754389e+00
-3.549546128627324215e+00
-3.545423139376715493e+00
-3.541375152865693376e+00
-3.536787759883032400e+00
-3.532589653467833823e+00
-3.527382128855897747e+00
-3.523163180946925266e+00
-3.518842358481042432e+00
-3.513817597254901060e+00
-3.509457615394099061e+00
-3.504803757276668819e+00
-3.500892710864501378e+00
-3.495616016527538950e+00
-3.491385822388001436e+00
-3.485417889139379000e+00
-3.479353735175922946e+00
-3.474820645569546507e+00
-3.470583571771584275e+00
-3.465386935505631705e+00
-3.461056098943145365e+00
-3.455909665416183163e+00
-3.450758664348385185e+00
-3.446466007769525497e+00
-3.440805051635915657e+00
-3.436103029040361800e+00
-3.431616764727587476e+00
-3.425920838106427446e+00
-3.421078916065148690e+00
-3.416549242142405962e+00
-3.412153610248221280e+00
-3.407587224348970878e+00
-3.404085453189391153e+00
-3.399130769126801788e+00
-3.393595661029267685e+00
-3.389752938119539483e+00
-3.384826237555189632e+00
-3.381114131606474338e+00
-3.376483838564282802e+00
-3.372890350793602998e+00
-3.368385417517215430e+00
-3.364449049095698197e+00
-3.359796034443710777e+00
-3.356023342140541210e+00
-3.351743731699214024e+00
-3.348978147581218145e+00
-3.344122550502270919e+00
-3.338811590144951325e+00
-3.334141849891643083e+00
-3.329190230283167740e+00
-3.325309971239895024e+00
-3.320682307367021746e+00
-3.316227045258639983e+00
-3.312336120092192804e+00
-3.308559902113219042e+00
-3.303763511919434848e+00
-3.299869039000615789e+00
-3.294221348113602676e+00
-3.289823096126998525e+00
-3.285330590768301917e+00
-3.280100133998878231e+00
-3.275356539238046594e+00
-3.271330657825154198e+00
-3.266704598780713731e+00
-3.262131766855687509e+00
-3.257389831867033347e+00
-3.253639926345067934e+00
-3.249167784057859887e+00
-3.245406645678895696e+00
-3.241383098873940050e+00
-3.237965143317171446e+00
-3.234467655010075493e+00
-3.229107762195262410e+00
-3.223249801302928041e+00
-3.219642925815564993e+00
-3.215164510747871240e+00
-3.210147464730908062e+00
-3.206948267824604848e+00
-3.202678881350572215e+00
-3.197744833581297907e+00
-3.194187784101157668e+00
-3.189921049945483755e+00
-3.185002736300259762e+00
-3.180638982697975958e+00
-3.176286010990964748e+00
-3.170267278952315859e+00
-3.166414706601323736e+00
-3.162754874204786848e+00
-3.158619763744134445e+00
-3.153924660549629611e+00
-3.148715249461345067e+00
-3.144579032121287199e+00
-3.140372360856448886e+00
-3.135801959055136923e+00
-3.131317689186360109e+00
-3.127647948638979436e+00
-3.122666259488295459e+00
-3.117489179680557054e+00
-3.113293108367491069e+00
-3.108698320051677566e+00
-3.104202346141936797e+00
-3.101203632899167228e+00
-3.095605503519201829e+00
-3.091405283295976858e+00
-3.087333377041097560e+00
-3.083046380650719787e+00
-3.079080957739163793e+00
-3.073879457595739328e+00
-3.069607043625803389e+00
-3.065678390134851661e+00
-3.061304828631692843e+00
-3.058638724455730262e+00
-3.053374649022569720e+00
-3.048912961201754701e+00
-3.045530701331276457e+00
-3.040825510289068223e+00
-3.035592729043356641e+00
-3.031136830982345209e+00
-3.027732336295709370e+00
-3.022553094735842549e+00
-3.019079393038780257e+00
-3.014950531204017015e+00
-3.010694241650218483e+00
-3.006029567343424524e+00
-3.001792619325715172e+00
-2.998315193960503500e+00
-2.993992819663751526e+00
-2.989788024894501017e+00
-2.984026531486017042e+00
-2.980597098363677144e+00
-2.976596315225342959e+00
-2.971689268491992220e+00
-2.967551263043577414e+00
-2.963780148903446765e+00
-2.959884089771231963e+00
-2.955830988197474252e+00
-2.952020523500558546e+00
-2.947148041293440546e+00
-2.943040762219268913e+00
-2.938178573184265119e+00
-2.933961722154957208e+00
-2.929054504636581235e+00
-2.924994025267639852e+00
-2.921893685058144285e+00
-2.917145097367578988e+00
-2.913648754534853058e+00
-2.909695151562390336e+00
-2.906230355414581190e+00
-2.901620977486596864e+00
-2.897456203582853718e+00
-2.893661351977556251e+00
-2.890564239512025679e+00
-2.886196277896837081e+00
-2.883015930045544462e+00
-2.878868285644887504e+00
-2.874191815508617687e+00
-2.870448077079585936e+00
-2.866390582700665934e+00
-2.862177892635014764e+00
-2.857043860894676435e+00
-2.853909075417346397e+00
-2.849519567831132250e+00
-2.844916609398177698e+00
-2.841579196911002914e+00
-2.837828665054879629e+00
-2.833242824820568995e+00
-2.829299936115904135e+00
-2.825155026905790123e+00
-2.820943257289501016e+00
-2.816240633711560193e+00
-2.812477477886558663e+00
-2.808699426944684774e+00
-2.804207682453996320e+00
-2.799993386342360058e+00
-2.795729194453294930e+00
-2.792079382674710342e+00
-2.788304610122104066e+00
-2.784410672473623283e+00
-2.780656427866861069e+00
-2.776771883898931481e+00
-2.773363828916270979e+00
-2.769866829240531292e+00
-2.765403781453019239e+00
-2.761036813598432005e+00
-2.757222146987663880e+00
-2.751918702432234021e+00
-2.748173148002160282e+00
-2.744416201909503972e+00
-2.740892555311833068e+00
-2.736995168957343960e+00
-2.733614837123208741e+00
-2.729949430002333255e+00
-2.725902795776023790e+00
-2.722288067017113011e+00
-2.717231657438952563e+00
-2.713708392695851845e+00
-2.709718549175235580e+00
-2.705825035117165545e+00
-2.702140074897376731e+00
-2.698224933883826004e+00
-2.692348586007787592e+00
-2.687987478613702574e+00
-2.684229914319011367e+00
-2.679766407600922662e+00
-2.676400975682680095e+00
-2.672292342182125413e+00
-2.668669621119212021e+00
-2.665101280945373130e+00
-2.661799103992442017e+00
-2.658176750084869422e+00
-2.654795448359924315e+00
-2.649669902156758905e+00
-2.646422623270496377e+00
-2.642658544490290140e+00
-2.638878013893026786e+00
-2.635487897539917412e+00
-2.631358859243063009e+00
-2.626566802143016410e+00
-2.622655439963859525e+00
-2.619203959774525359e+00
-2.615522473539008796e+00
-2.611260350778196848e+00
-2.607693536898330056e+00
-2.604088327300530192e+00
-2.600418147698392524e+00
-2.596372060987357067e+00
-2.592475102398416720e+00
-2.587740459693155692e+00
-2.584367411975141415e+00
-2.581173381127832123e+00
-2.577816171407172785e+00
-2.574224747974748873e+00
-2.570132782353453216e+00
-2.566356329615933518e+00
-2.562715378674705669e+00
-2.558765703253092383e+00
-2.554794901087197534e+00
-2.550717782437081027e+00
-2.547065291777600660e+00
-2.543658727804016806e+00
-2.540026634660323079e+00
-2.536352033651707139e+00
-2.532239834802281653e+00
-2.528056019148246847e+00
-2.525084658556327799e+00
-2.521603644753005913e+00
-2.518187305765784423e+00
-2.513497685826690198e+00
-2.509852532167494044e+00
-2.506762506709571348e+00
-2.502759318409636613e+00
-2.498511620137806588e+00
-2.494029768597296748e+00
-2.489945866505032246e+00
-2.485916867796581275e+00
-2.481639682449614970e+00
-2.477183085452934641e+00
-2.473780686135667040e+00
-2.470934559251921847e+00
-2.466433022194856939e+00
-2.464067602238293908e+00
-2.459475153980497986e+00
-2.456315309357625321e+00
-2.452157886806995979e+00
-2.448723189237671516e+00
-2.445030288464645984e+00
-2.441499438077551876e+00
-2.438733216708646179e+00
-2.433137555633042570e+00
-2.430294975354653442e+00
-2.426748403287307010e+00
-2.423179200777695996e+00
-2.420553243299117696e+00
-2.416620612853765060e+00
-2.413007238416593037e+00
-2.409272966244328629e+00
-2.405756039381465428e+00
-2.401921076010020695e+00
-2.397730322452034102e+00
-2.393682933502068622e+00
-2.388494912422787220e+00
-2.385647537648218020e+00
-2.381885597361656615e+00
-2.378244415793124400e+00
-2.373871566961101909e+00
-2.369251849105206364e+00
-2.364200831987032458e+00
-2.360893143834609020e+00
-2.356449507651249942e+00
-2.352495808225742557e+00
-2.348120360020227615e+00
-2.345330161618713216e+00
-2.342365255527813606e+00
-2.338377910943453042e+00
-2.335438690765188507e+00
-2.331626487864719266e+00
-2.328365915472070835e+00
-2.324402908218523134e+00
-2.320121978832148990e+00
-2.316551721034897593e+00
-2.313364883097210001e+00
-2.309842089537744947e+00
-2.306550318806204647e+00
-2.303360815383528326e+00
-2.298761159332975534e+00
-2.295303375777580701e+00
-2.290870843975158166e+00
-2.287797017445400982e+00
-2.283977344374468643e+00
-2.280602639752391081e+00
-2.277636998691665138e+00
-2.273658079050561831e+00
-2.270691161072159403e+00
-2.267035712909952760e+00
-2.263437502909063870e+00
-2.258779332312908839e+00
-2.254638996300307063e+00
-2.251185077824940706e+00
-2.246989983668050250e+00
-2.243312641600170743e+00
-2.240228006252454218e+00
-2.235925498149540225e+00
-2.233271395841663232e+00
-2.230011921853467083e+00
-2.226441707358081779e+00
-2.223716523646096288e+00
-2.219247515137752647e+00
-2.215732251964499078e+00
-2.212284446118558900e+00
-2.208713423292886446e+00
-2.205669150851663929e+00
-2.202484477549902397e+00
-2.198443626695772313e+00
-2.194557521015179535e+00
-2.190701232198312365e+00
-2.187260470089116726e+00
-2.184171383053952198e+00
-2.179959208267971515e+00
-2.175908047592166827e+00
-2.172286252040866561e+00
-2.169219879925993855e+00
-2.164894348043033823e+00
-2.161891334221965444e+00
-2.158145452201693182e+00
-2.155479179033425119e+00
-2.151881704480062218e+00
-2.147861765355045804e+00
-2.144386546933359394e+00
-2.141209246580611403e+00
-2.137713070188999254e+00
-2.134174898297476197e+00
-2.130229278850320540e+00
-2.126732707837085901e+00
-2.123766648088367237e+00
-2.119769790286214040e+00
-2.116365137498194660e+00
-2.112649050186664379e+00
-2.109393545081524213e+00
-2.105924071049073643e+00
-2.103450016534284206e+00
-2.099816660764001863e+00
-2.096676439746416154e+00
-2.092963528289236930e+00
-2.088643699243962093e+00
-2.084604552185724380e+00
-2.081235915547869908e+00
-2.077904658552449213e+00
-2.075423933805428778e+00
-2.072295154294252484e+00
-2.068717734042888612e+00
-2.064245477769905968e+00
-2.060668350237885527e+00
-2.057228142135848703e+00
-2.053627574994430383e+00
-2.050407714869761033e+00
-2.047043162711964293e+00
-2.043931519892810744e+00
-2.040301141730893164e+00
-2.036210537819401978e+00
-2.033132460116009455e+00
-2.029987996080594659e+00
-2.026618004152994867e+00
-2.023155603509859013e+00
-2.019261394483924388e+00
-2.015130510294199873e+00
-2.011145924261005025e+00
-2.007227866154877027e+00
-2.004476263624635379e+00
-2.001127836333028487e+00
-1.997451278025093258e+00
-1.993742303797255699e+00
-1.990884528839690359e+00
-1.987195464957290714e+00
-1.983703977735672197e+00
-1.980608662457887581e+00
-1.976598755215797310e+00
-1.972824176318272560e+00
-1.969386048965817704e+00
-1.965372638402467675e+00
-1.962845328047569726e+00
-1.959868089702372362e+00
-1.957252290149082308e+00
-1.954588158844764001e+00
-1.950982882112709094e+00
-1.947526040548167803e+00
-1.943132125803134880e+00
-1.938982495892087821e+00
-1.935466369335192338e+00
-1.932319390670744319e+00
-1.928650033732381752e+00
-1.925184817117343350e+00
-1.921895073865520498e+00
-1.919293892410327107e+00
-1.915727903522821629e+00
-1.912571689443145262e+00
-1.909257746843052939e+00
-1.906127105285258860e+00
-1.902691018116628552e+00
-1.899529228585152163e+00
-1.896660613499307368e+00
-1.892412418222625181e+00
-1.889170438450063605e+00
-1.884779496447418712e+00
-1.881726140719311102e+00
-1.878378523189011107e+00
-1.875209527568424628e+00
-1.871650865997362079e+00
-1.868040117286301038e+00
-1.865262581930119845e+00
-1.862364880137171719e+00
-1.858595835147179409e+00
-1.854693389701216111e+00
-1.850943845704094537e+00
-1.848037864890102799e+00
-1.845772501944551003e+00
-1.842313940834383823e+00
-1.839218984460866180e+00
-1.836652564003854016e+00
-1.833048399789972915e+00
-1.828796540865071929e+00
-1.825668060008681426e+00
-1.822710834840890914e+00
-1.819313623900403076e+00
-1.816348056316883675e+00
-1.813168419983109292e+00
-1.809551466564256694e+00
-1.806009201114610274e+00
-1.801820563896396887e+00
-1.798853781877028268e+00
-1.796143124960156490e+00
-1.792579914287188769e+00
-1.788808224995795948e+00
-1.786157363688545052e+00
-1.783219949965229256e+00
-1.779783405626029769e+00
-1.776321294338285339e+00
-1.772861016984233595e+00
-1.770071575900307836e+00
-1.767159746462049430e+00
-1.763128668166932922e+00
-1.759948436098449864e+00
-1.757060449976061145e+00
-1.753636525722086503e+00
-1.750258072394786035e+00
-1.747432926095931816e+00
-1.743820371067224873e+00
-1.741147997350738219e+00
-1.737207469094326440e+00
-1.734365931646933756e+00
-1.730407453768462611e+00
-1.726309744216123709e+00
-1.722767735002606049e+00
-1.720388550251685578e+00
-1.717793092117436027e+00
-1.713671178873511503e+00
-1.711352155285915444e+00
-1.708137414624253836e+00
-1.704562553227025212e+00
-1.700927162642899892e+00
-1.698399770877840886e+00
-1.695382056932204895e+00
-1.692003179010651559e+00
-1.688325129885178466e+00
-1.685079582210581295e+00
-1.681332282716810456e+00
-1.677259451507143284e+00
-1.674139449628540222e+00
-1.671549503173591411e+00
-1.667008811768749155e+00
-1.663764303591304561e+00
-1.661043911833550046e+00
-1.657933517927651978e+00
-1.654646469804535114e+00
-1.651457368082801747e+00
-1.647941447624102107e+00
-1.645126694387364363e+00
-1.641517791011199323e+00
-1.638106572479206102e+00
-1.633380798943753431e+00
-1.630312634165379304e+00
-1.627492867186364212e+00
-1.624556796853094953e+00
-1.621218468394425738e+00
-1.618515503853601434e+00
-1.613968702881889872e+00
-1.610544329737925384e+00
-1.607462847215667789e+00
-1.604473154252339828e+00
-1.601646616781930321e+00
-1.599084327355532187e+00
-1.595605994419178719e+00
-1.590575503362207099e+00
-1.587003334636131635e+00
-1.583805668257014077e+00
-1.581237945973797077e+00
-1.578412149688907418e+00
-1.574873480937016179e+00
-1.571658048425439436e+00
-1.568467026098510742e+00
-1.564180060528177041e+00
-1.561087647750552865e+00
-1.558153514561455122e+00
-1.555120685405074754e+00
-1.551588747728535278e+00
-1.548722265052479452e+00
-1.545278910488500079e+00
-1.542179294169753412e+00
-1.539373942859370459e+00
-1.536038637471374591e+00
-1.533036526543456457e+00
-1.530130140953862572e+00
-1.526119664282512112e+00
-1.522648357477984327e+00
-1.519092575134049605e+00
-1.516101243873385629e+00
-1.512906062493234893e+00
-1.509931420906633237e+00
-1.507524391941313935e+00
-1.504596301555255033e+00
-1.501946774285525477e+00
-1.498432365820971057e+00
-1.494092482730116966e+00
-1.491575531538746446e+00
-1.488172913797810581e+00
-1.484563517243484787e+00
-1.481726777820275398e+00
-1.477272613524358125e+00
-1.474089647625497657e+00
-1.470864572209691579e+00
-1.467715620930211129e+00
-1.463950640256093116e+00
-1.460894256497758281e+00
-1.457152701272358852e+00
-1.453576465294142528e+00
-1.450852697475402797e+00
-1.448040857721018870e+00
-1.443995697311394766e+00
-1.441013333335800173e+00
-1.438233447450802949e+00
-1.434469687620353096e+00
-1.430774994338441797e+00
-1.427592430259946088e+00
-1.424131231572100420e+00
-1.421766728177183081e+00
-1.417977033455902758e+00
-1.414732668022614881e+00
-1.410367394483265091e+00
-1.407517742121523474e+00
-1.404154448091049723e+00
-1.400940244098695997e+00
-1.397715355531014669e+00
-1.393756151022354839e+00
-1.391017876083946447e+00
-1.388476759705292274e+00
-1.385326618794302300e+00
-1.381785489712577863e+00
-1.378628632174999646e+00
-1.375015264764617218e+00
-1.372045849935596751e+00
-1.369103366340278294e+00
-1.365145193570182824e+00
-1.361022390348874289e+00
-1.358157150803667390e+00
-1.355878870528792524e+00
-1.352383256218971264e+00
-1.348415680637653935e+00
-1.345862687288229553e+00
-1.343027196596306760e+00
-1.340166268295650775e+00
-1.337663431073876863e+00
-1.334156591978897355e+00
-1.331365634922791363e+00
-1.328079183785656481e+00
-1.325645167289709825e+00
-1.322709965708248170e+00
-1.318383742794916325e+00
-1.316197747079850933e+00
-1.313540946478768623e+00
-1.309741748201920020e+00
-1.306415631227693330e+00
-1.302727771975140891e+00
-1.300092882145049922e+00
-1.296465442824004111e+00
-1.293345859221604943e+00
-1.291103788652206763e+00
-1.287331889328629186e+00
-1.284557850501784504e+00
-1.281322416504199646e+00
-1.277669506012384382e+00
-1.275128065453596804e+00
-1.271094456436735909e+00
-1.267947595043236397e+00
-1.265355388769378253e+00
-1.262324602598507317e+00
-1.259952219109414351e+00
-1.256475219344309391e+00
-1.252580629685952296e+00
-1.249099745592611610e+00
-1.245575572973095735e+00
-1.242870104170266554e+00
-1.239562750501145283e+00
-1.236353388093148986e+00
-1.233823980216223415e+00
-1.230308963692647861e+00
-1.227584779846682572e+00
-1.223943375910615083e+00
-1.221335127366187656e+00
-1.218817228750143089e+00
-1.215471359656541184e+00
-1.211234642588130850e+00
-1.207825280444241312e+00
-1.204484779224065827e+00
-1.201452087731515572e+00
-1.198148745635307266e+00
-1.194149205090953014e+00
-1.191472693417279904e+00
-1.187702936211757709e+00
-1.184931086708546522e+00
-1.182896720098464582e+00
-1.179610381670126440e+00
-1.176077472968269033e+00
-1.172205873429366108e+00
-1.168794454113677661e+00
-1.165097736456313537e+00
-1.162268574732625126e+00
-1.159218510628124310e+00
-1.156166417693517356e+00
-1.152599596525431869e+00
-1.149763066420512514e+00
-1.145274538085670590e+00
-1.142826736683603350e+00
-1.139855372921768861e+00
-1.137361130715272894e+00
-1.133980095782445296e+00
-1.130917972405360850e+00
-1.128341296942107830e+00
-1.124917696805548539e+00
-1.121398553849757285e+00
-1.118844116203791872e+00
-1.115261860206309352e+00
-1.111889472539250079e+00
-1.109010685539643548e+00
-1.105854672446943132e+00
-1.102595778522900138e+00
-1.100090750659450167e+00
-1.096517976881939527e+00
-1.093205922053852586e+00
-1.090119541487424737e+00
-1.086871524998746619e+00
-1.083894154144835920e+00
-1.080049804014737713e+00
-1.076836015528862101e+00
-1.073047949313440386e+00
-1.070558959052210213e+00
-1.067770637124318966e+00
-1.064507447714690302e+00
-1.061171251069851440e+00
-1.058521070463048330e+00
-1.056229266066608385e+00
-1.052865219225683768e+00
-1.049950119779896607e+00
-1.047153264108558579e+00
-1.043343457436268329e+00
-1.040345043615743315e+00
-1.037324443880708325e+00
-1.034390205277736730e+00
-1.031302609295445150e+00
-1.027693137533755463e+00
-1.025000054428598872e+00
-1.021350930147238545e+00
-1.018271924639191361e+00
-1.015629513417388052e+00
-1.012772244904739161e+00
-1.009746052934968885e+00
-1.007129286434183646e+00
-1.004184301247758260e+00
-1.001605653026427900e+00
-9.989787917188682753e-01
-9.954417761121573394e-01
-9.917093128740410712e-01
-9.893429707325314126e-01
-9.867087216859743437e-01
-9.826128726288539950e-01
-9.789899292755078752e-01
-9.760225904652658491e-01
-9.727961653950785159e-01
-9.695237132063411201e-01
-9.665505421153075538e-01
-9.635582947349458083e-01
-9.608693549507723031e-01
-9.576821272199026458e-01
-9.545683233209037999e-01
-9.514980548818392503e-01
-9.478482749746529601e-01
-9.447552194413895155e-01
-9.421954472007264547e-01
-9.398672049663502337e-01
-9.371367485196588909e-01
-9.342889692191725937e-01
-9.322616844275598558e-01
-9.290566401641271455e-01
-9.254908385617768296e-01
-9.229454917010230242e-01
-9.196510298749415169e-01
-9.163011676819834417e-01
-9.118804202451967766e-01
-9.098985794235493474e-01
-9.076762112061994570e-01
-9.035246788462309997e-01
-9.012708800155980748e-01
-8.980415740376013201e-01
-8.949194284147136136e-01
-8.917586089886010425e-01
-8.883397266617620858e-01
-8.852967310101097498e-01
-8.808401698718671957e-01
-8.783897061490127944e-01
-8.733939444246774375e-01
-8.708452544128909567e-01
-8.672048809774104416e-01
-8.643974958043324497e-01
-8.613927712251590041e-01
-8.577734466751809617e-01
-8.548484178723361193e-01
-8.513669066159791354e-01
-8.484237246615270456e-01
-8.449637747703919732e-01
-8.419604145830634767e-01
-8.386440477881328404e-01
-8.363434105308694688e-01
-8.334935044980784635e-01
-8.288024042017305693e-01
-8.251036291250388732e-01
-8.217887502959998480e-01
-8.185052536752859265e-01
-8.148231022954838254e-01
-8.111788788366816050e-01
-8.082047720215197462e-01
-8.046927959880408876e-01
-8.024576521438456789e-01
-7.983814178315117305e-01
-7.960611370795149799e-01
-7.929607363165313005e-01
-7.910116735134220534e-01
-7.883070821843677356e-01
-7.847701638601637386e-01
-7.821597426057592672e-01
-7.798313927687895442e-01
-7.766594082305466884e-01
-7.732811854611177926e-01
-7.707149691926138413e-01
-7.677874898904811785e-01
-7.637949618682090547e-01
-7.600298905602997923e-01
-7.570839811303538003e-01
-7.534805679142083656e-01
-7.507299792338155697e-01
-7.482683187361359733e-01
-7.435065593509333493e-01
-7.401791571820025561e-01
-7.367850192206161219e-01
-7.332696299036756127e-01
-7.300012849146911842e-01
-7.263839908939141443e-01
-7.239980585013384706e-01
-7.207630497012655901e-01
-7.177727814588733546e-01
-7.146963445613834232e-01
-7.113687134602927342e-01
-7.071958989701175868e-01
-7.044241757288079997e-01
-7.018796356250184276e-01
-6.980224118069543460e-01
-6.941889437260937434e-01
-6.917073147592589510e-01
-6.891078116733824199e-01
-6.863193185638342131e-01
-6.824682193100176653e-01
-6.796747656377866154e-01
-6.766501162452221996e-01
-6.725523866008129570e-01
-6.692524147288412273e-01
-6.664162071044696933e-01
-6.628881515249728240e-01
-6.592433234536045905e-01
-6.563866777207384429e-01
-6.520838015051531045e-01
-6.494869991014796673e-01
-6.458725132703384553e-01
-6.433608353247923795e-01
-6.399664009471007775e-01
-6.367502728978958748e-01
-6.328545800029098389e-01
-6.298201997265127083e-01
-6.272876516888822307e-01
-6.245444204264573029e-01
-6.215229673856265125e-01
-6.180660701021942760e-01
-6.149715823875435694e-01
-6.116304646507891851e-01
-6.093000459156087123e-01
-6.068636780704926847e-01
-6.044549086340630373e-01
-6.009014035712425539e-01
-5.978144338457946905e-01
-5.953080429302471943e-01
-5.927033432037016603e-01
-5.905973674798837836e-01
-5.878172624922459732e-01
-5.838331566486215651e-01
-5.804490489350546678e-01
-5.779703652985410667e-01
-5.745667222908038552e-01
-5.719132835934281900e-01
-5.691578856810418641e-01
-5.652500541386097366e-01
-5.614431562407696807e-01
-5.586172791345259681e-01
-5.546586293499545794e-01
-5.518458669318719867e-01
-5.488007907591938572e-01
-5.456086883108260954e-01
-5.434717431671222121e-01
-5.407663985015792596e-01
-5.377361631783983409e-01
-5.337475859589427829e-01
-5.315246697165989520e-01
-5.290497747097157033e-01
-5.263544355693102750e-01
-5.238961664809381746e-01
-5.207017067073054228e-01
-5.177789523364521029e-01
-5.141986895688213099e-01
-5.109955322617197870e-01
-5.087678131196480269e-01
-5.049137919961778076e-01
-5.017246113850653000e-01
-4.993126477024855125e-01
-4.966049981661336821e-01
-4.925340086440058163e-01
-4.892316494960348705e-01
-4.867822407810819541e-01
-4.838565546765425940e-01
-4.814656100674060690e-01
-4.784014899866505521e-01
-4.760153925455646307e-01
-4.714033294526904228e-01
-4.684580679211283183e-01
-4.647975744305043455e-01
-4.624527005906837185e-01
-4.596457633486573657e-01
-4.582281491657534955e-01
-4.559025750035235469e-01
-4.529805830192341065e-01
-4.486153067181493648e-01
-4.461349356946443523e-01
-4.429646636965111073e-01
-4.403626534722481778e-01
-4.365136740097875223e-01
-4.330487986351348462e-01
-4.298933640455475103e-01
-4.267830040391915047e-01
-4.246560505518912620e-01
-4.213165025951065012e-01
-4.186746005838559714e-01
-4.156943842290269364e-01
-4.124549308048240936e-01
-4.098783864754649842e-01
-4.070248705761785879e-01
-4.041144118440128108e-01
-4.008064258465202090e-01
-3.987367268857801572e-01
-3.961953790998148928e-01
-3.937736994181516570e-01
-3.909567920150261444e-01
-3.883737598025964743e-01
-3.844204317898148315e-01
-3.808832633187241856e-01
-3.777101360005548636e-01
-3.748237898402371204e-01
-3.712397461610006388e-01
-3.689578806179055759e-01
-3.649276918219987453e-01
-3.621248971292115315e-01
-3.602296180061407282e-01
-3.581032333832456227e-01
-3.558985776300617188e-01
-3.531884563651545017e-01
-3.503467355604845124e-01
-3.470467986136387406e-01
-3.428925465073041079e-01
-3.407310444778197112e-01
-3.378477577309769719e-01
-3.348654672394095200e-01
-3.319830248320544408e-01
-3.285911770833179202e-01
-3.255542273072961068e-01
-3.230384447798100855e-01
-3.197553149181194820e-01
-3.167101207549268826e-01
-3.137454828224289782e-01
-3.096749974505580982e-01
-3.068180233619386410e-01
-3.036532636089738779e-01
-3.005149454062590042e-01
-2.967433550849188917e-01
-2.936651009285602409e-01
-2.906662874693365928e-01
-2.883288631481233932e-01
-2.851456201788623024e-01
-2.826185673304179025e-01
-2.798942574545212336e-01
-2.771470045874790400e-01
-2.739832562088142520e-01
-2.702793477373418574e-01
-2.680564774201520395e-01
-2.646788945310346586e-01
-2.623846561666403621e-01
-2.599488350763639599e-01
-2.573829438486195387e-01
-2.551599719871059935e-01
-2.518311062502407993e-01
-2.488924704327032666e-01
-2.462911926843368848e-01
-2.438647686928549219e-01
-2.403155753524330029e-01
-2.380889978179335509e-01
-2.361054555923652321e-01
-2.325645596847901453e-01
-2.288289035434638019e-01
-2.248555155383642201e-01
-2.212166628282994929e-01
-2.182034841543220305e-01
-2.150590738415888992e-01
-2.118430087017819929e-01
-2.088464398398111044e-01
-2.052289539347875169e-01
-2.008884994256424639e-01
-1.987471468458837653e-01
-1.971345320123211453e-01
-1.938227817079997140e-01
-1.911328780483456669e-01
-1.884356420892334683e-01
-1.857689168604529650e-01
-1.829435099639569740e-01
-1.796647705291268549e-01
-1.771314284196404409e-01
-1.743846010964706095e-01
-1.721786562322734915e-01
-1.704477720117850703e-01
-1.665498470659540764e-01
-1.636418890798673198e-01
-1.608694157068739361e-01
-1.583143372489684564e-01
-1.546998888503230418e-01
-1.511882905456592985e-01
-1.479271485070962344e-01
-1.449003167014463467e-01
-1.416740676710398217e-01
-1.382344054173419712e-01
-1.349264308378205213e-01
-1.315592942838743895e-01
-1.284066850713060648e-01
-1.261695536022739705e-01
-1.234951242111328035e-01
-1.206609050107801673e-01
-1.174843136811978689e-01
-1.142799558888154821e-01
-1.111149852787152170e-01
-1.083086579509540265e-01
-1.049325810849359997e-01
-1.018308090452913900e-01
-9.986595304194502420e-02
-9.711252216681150184e-02
-9.359971949253957646e-02
-9.047828100147584096e-02
-8.734305960476342057e-02
-8.507041146669373777e-02
-8.186406214067212805e-02
-7.858588600291906145e-02
-7.599400259738010865e-02
-7.305195457392518743e-02
-7.030350529125878323e-02
-6.730956255671481647e-02
-6.290118267849917344e-02
-5.976580559294790429e-02
-5.723157073296284564e-02
-5.455705746615516910e-02
-5.079117173888881426e-02
-4.802489480600469207e-02
-4.424414273760824551e-02
-4.002449023085007801e-02
-3.735921991127254954e-02
-3.460323712937132812e-02
-3.152179660969268299e-02
-2.852705624779001969e-02
-2.560401933229546415e-02
-2.233225969872437364e-02
-1.908625496130154572e-02
-1.704785626676587340e-02
-1.413205246968810176e-02
-1.209364748908280801e-02
-9.221121880596082690e-03
-5.755036459324031767e-03
-2.397311976608260901e-03
-5.119681988220483449e-05
3.564542350177982936e-03
6.186752131782308380e-03
9.084065486324205407e-03
1.166828483366340839e-02
1.439974672497379773e-02
1.690650856732492033e-02
1.908335744692387162e-02
2.268798857557857013e-02
2.700855127810587730e-02
3.008875609267757517e-02
3.387339917380718934e-02
3.669557410354158666e-02
3.994797553326781547e-02
4.288489588427381316e-02
4.555222415906578365e-02
4.895353149345929578e-02
5.166185287527318148e-02
5.482970197850407096e-02
5.742232349557977594e-02
6.002979191396475012e-02
6.207928282446213697e-02
6.436355512897987130e-02
6.689914786105506661e-02
6.959572325872619147e-02
7.210634606030774663e-02
7.522103984210715133e-02
7.744720731366043498e-02
8.137144718231516249e-02
8.383043718673073574e-02
8.677923366712986253e-02
8.977527416406130834e-02
9.247468681154019654e-02
9.523918548439710974e-02
9.868016890665524954e-02
1.010481733846647079e-01
1.043909510488843506e-01
1.070727151877030742e-01
1.091727378702056495e-01
1.133832847551046741e-01
1.156760491349293624e-01
1.179811940167177359e-01
1.217664888302096987e-01
1.249059683785488789e-01
1.283237714119243589e-01
1.309515944853514857e-01
1.341318627945896624e-01
1.368350863965905329e-01
1.394844679617993910e-01
1.435529280036873800e-01
1.471555709369607168e-01
1.503702400624198354e-01
1.531907802731757862e-01
1.566179787511582100e-01
1.588045071294874044e-01
1.613841517774302625e-01
1.646510663335839786e-01
1.674984423854313786e-01
1.703693213585158184e-01
1.727564686129136606e-01
1.759056364790653193e-01
1.783055912648108809e-01
1.819588233345555695e-01
1.842474383581144126e-01
1.868776298739592834e-01
1.891797363087251160e-01
1.914222603487568397e-01
1.934932128224415016e-01
1.963829407384315162e-01
1.988392887862869829e-01
2.013240675870082430e-01
2.041120855086407115e-01
2.075665344987472627e-01
2.121137702848839013e-01
2.143523512457308766e-01
2.173620048194445653e-01
2.205027632089540113e-01
2.235271105696985949e-01
2.261743163851932803e-01
2.291567314754376083e-01
2.317507493547347197e-01
2.344224610581651658e-01
2.365975673969637483e-01
2.390967616782815885e-01
2.418446863205329089e-01
2.453553842726490797e-01
2.487353766047546155e-01
2.514090356024828998e-01
2.549854916004298255e-01
2.582011819950953968e-01
2.636495932101367567e-01
2.670194467241700509e-01
2.698790857389885001e-01
2.719285114995791952e-01
2.743234616543155924e-01
2.778171207553725708e-01
2.826149949856021082e-01
2.858014688803756087e-01
2.883842811369566883e-01
2.914870077318575392e-01
2.950610631787543015e-01
2.982574805662772666e-01
3.009492728534781114e-01
3.040484911351023500e-01
3.068677396037847172e-01
3.094768690334859795e-01
3.127913106086644413e-01
3.157822523166276540e-01
3.185147106499283121e-01
3.222343050874371118e-01
3.250424636526407229e-01
3.282388415146715865e-01
3.309887522396716686e-01
3.351584567977440865e-01
3.376336945376159360e-01
3.407695917170932010e-01
3.433628151930740446e-01
3.459155084182140572e-01
3.480943915987820825e-01
3.505815487793020324e-01
3.540219629547142755e-01
3.570704227929999974e-01
3.595828563030289970e-01
3.627782388753410525e-01
3.660027939301312983e-01
3.685088562452350502e-01
3.716875942986204162e-01
3.738521375694388027e-01
3.774669706733123631e-01
3.797700008076183020e-01
3.815452746002853668e-01
3.844546901950973150e-01
3.874776352705516791e-01
3.900879603634394566e-01
3.930544035330886810e-01
3.957123649724790249e-01
3.981998026769268950e-01
4.008635622620986272e-01
4.031830569022045174e-01
4.068777246019648630e-01
4.092156668371277339e-01
4.125080136098440153e-01
4.144980426093459180e-01
4.180593921884384057e-01
4.225470815913149325e-01
4.253659157662689205e-01
4.283508461759895081e-01
4.317253784641034708e-01
4.342630561531114486e-01
4.369614407734767059e-01
4.398902053017149649e-01
4.422578502871288841e-01
4.448555961385768920e-01
4.484339269124562599e-01
4.526995848313392079e-01
4.552581665113070164e-01
4.570392257158548688e-01
4.602051078682604102e-01
4.635519408413765197e-01
4.667990566109526673e-01
4.700762392035063852e-01
4.724114276809873725e-01
4.753985696771535485e-01
4.783149989610017694e-01
4.814306090972658159e-01
4.843070285623743976e-01
4.873033062418251071e-01
4.901494336247734229e-01
4.927553883456846084e-01
4.965009914436654959e-01
4.985811145633418651e-01
5.006535351736958184e-01
5.033663195639747068e-01
5.065217807244383197e-01
5.090733536501274026e-01
5.118485185548407035e-01
5.151058643810534354e-01
5.174319366217423610e-01
5.198633103783433240e-01
5.217962711909855944e-01
5.253751211483618233e-01
5.281269862499893275e-01
5.304162095375182240e-01
5.329034463511982400e-01
5.354921002295982557e-01
5.377321573179572045e-01
5.408945625015578740e-01
5.439615566386973855e-01
5.470987893141167069e-01
5.499256188895967901e-01
5.524450653434610503e-01
5.554825465031373311e-01
5.578474388643726023e-01
5.614184609589053521e-01
5.648324669663276065e-01
5.684619636305980883e-01
5.715695562129402552e-01
5.763903813392692310e-01
5.786839807534716051e-01
5.813338546909716520e-01
5.839478055851363703e-01
5.859785855263398568e-01
5.898623780807764616e-01
5.925103493726371351e-01
5.950281682361137081e-01
5.977136332360852844e-01
6.000147063742632403e-01
6.021520907836516168e-01
6.049377496190828651e-01
6.069886826876572661e-01
6.103354215538941974e-01
6.135986868508702674e-01
6.162470796357797376e-01
6.186915963379255867e-01
6.228427104112432833e-01
6.254897979612874526e-01
6.274165620901059892e-01
6.312355457006100234e-01
6.348400136361644908e-01
6.375997354299712816e-01
6.400177881640555233e-01
6.426314111201041346e-01
6.462620514180347220e-01
6.487993072336422085e-01
6.511372075082466626e-01
6.532225129925081086e-01
6.558177978996083679e-01
6.582059553273340580e-01
6.616239816762006232e-01
6.639344195505549884e-01
6.672996568034815779e-01
6.699861295278947138e-01
6.727721799355363963e-01
6.746047176673453105e-01
6.768520252043663810e-01
6.797479402300183882e-01
6.832539625373977854e-01
6.854244678102574539e-01
6.891203260544879194e-01
6.931404077012923715e-01
6.957260753744722859e-01
6.992508231005925001e-01
7.010623378927435256e-01
7.038387041491334095e-01
7.066885471113921735e-01
7.094277070051840939e-01
7.115673481132294143e-01
7.142543009626250994e-01
7.169832988880118219e-01
7.194464945927340205e-01
7.225553296490488941e-01
7.259311313914652564e-01
7.290930925073142443e-01
7.320669000913470059e-01
7.343470781654616308e-01
7.377343154317334006e-01
7.421180996513166983e-01
7.453730708946110228e-01
7.485980634474472817e-01
7.513532611698935382e-01
7.550511433091836588e-01
7.576217665749687136e-01
7.601459690303412620e-01
7.637517495887261587e-01
7.666445117553801758e-01
7.687724284008037312e-01
7.720850322398864485e-01
7.750550663924425931e-01
7.777881529049145426e-01
7.803516868457305300e-01
7.831488440818079599e-01
7.867981302675547406e-01
7.905082393170717037e-01
7.928326761060529027e-01
7.952535145684430651e-01
7.971759722378393143e-01
8.006696187229178641e-01
8.031804523950130115e-01
8.061759274764536132e-01
8.097400458561208048e-01
8.130259091633764701e-01
8.157359026677203362e-01
8.182437838709488709e-01
8.210527095957343979e-01
8.244291874234931372e-01
8.269688557242688143e-01
8.298753855172454896e-01
8.322135812313680159e-01
8.349678125159608610e-01
8.375457881048180564e-01
8.415169965374842409e-01
8.440122974670640765e-01
8.456684236177965941e-01
8.482761542959473822e-01
8.510611891996828771e-01
8.549042050378768964e-01
8.586191739649304822e-01
8.616999695560231265e-01
8.649666682488533764e-01
8.681234728502965625e-01
8.716181964744270649e-01
8.744678177856626267e-01
8.782138424741929850e-01
8.813502391794082458e-01
8.849935009366379779e-01
8.879603382493260755e-01
8.908356885195279906e-01
8.931423462531041801e-01
8.980406803973276508e-01
9.002484638827897845e-01
9.027987582736568539e-01
9.062434277105159142e-01
9.105448438092096364e-01
9.128970004147397566e-01
9.152763517738805588e-01
9.183518793331554297e-01
9.216153995291348489e-01
9.245546651903967517e-01
9.277746560672345266e-01
9.303821377469667642e-01
9.325716361784818220e-01
9.356104041515530545e-01
9.378712483472599892e-01
9.411986409754753424e-01
9.448828734667660267e-01
9.479765237760537921e-01
9.502727696438431071e-01
9.528353808226095456e-01
9.555348766626365897e-01
9.578738167441679385e-01
9.623337665216048498e-01
9.662827806830801558e-01
9.685475386110505847e-01
9.714798539893745311e-01
9.752853872593706397e-01
9.772725991194113337e-01
9.798171359277928483e-01
9.824756646120076375e-01
9.854227853087491606e-01
9.876139285480978192e-01
9.900965195105148053e-01
9.929409210166149080e-01
9.971947656925296277e-01
1.000328899809112659e+00
1.003592904955429299e+00
1.006071892867590911e+00
1.008666554201000265e+00
1.011211585744989483e+00
1.013784055818301333e+00
1.016524484319791366e+00
1.019579225952809587e+00
1.022103546741405911e+00
1.023833433211857935e+00
1.027767520430926673e+00
1.030657408231947736e+00
1.033174143341438089e+00
1.036094699998836743e+00
1.038283668445907360e+00
1.040510122265687842e+00
1.044255550711628677e+00
1.046867382703526195e+00
1.050154759698660012e+00
1.054059316471003926e+00
1.056641393978223986e+00
1.059668807086080911e+00
1.062251767365658406e+00
1.065059666488641810e+00
1.068078271742787910e+00
1.069572641356565823e+00
1.071662924577516662e+00
1.075337323657267863e+00
1.079013164699247351e+00
1.081938158351301915e+00
1.084425205483329213e+00
1.087309566174406772e+00
1.089410216695655409e+00
1.091672333779746262e+00
1.094434318727412814e+00
1.096416727727697715e+00
1.100137132620544467e+00
1.103207136090273766e+00
1.105863006141431848e+00
1.108313068527158496e+00
1.111786216446847275e+00
1.114099842887690706e+00
1.116709746791889613e+00
1.119241233727994667e+00
1.123836232620736508e+00
1.126449007301744576e+00
1.128721692859658399e+00
1.131405802292347662e+00
1.133589568434663075e+00
1.136801023214248696e+00
1.139069157769218243e+00
1.141620278857501836e+00
1.143793837513950917e+00
1.146532534915603030e+00
1.149317264123939308e+00
1.152912508457388130e+00
1.155683597884648917e+00
1.158835284486100736e+00
1.161802580235528293e+00
1.163860660273657865e+00
1.166481773759301843e+00
1.169695345416375210e+00
1.172975984831458707e+00
1.175295867264461558e+00
1.178506314168188185e+00
1.180623551435188379e+00
1.183458936798606365e+00
1.186781413614105496e+00
1.189712282358369233e+00
1.192369446243735753e+00
1.195030448455554284e+00
1.197872137745345844e+00
1.200926698461387110e+00
1.202821554887370858e+00
1.206187337947987714e+00
1.209552985295962335e+00
1.212902501055902693e+00
1.214910600223946258e+00
1.217884701831118521e+00
1.221215821840540228e+00
1.224915029847696513e+00
1.227842244271316385e+00
1.230401280326800295e+00
1.233413046970316174e+00
1.235807568652245836e+00
1.237170675191354929e+00
1.239173774002342965e+00
1.242214556756236821e+00
1.245818400104350632e+00
1.248105135199961024e+00
1.251119523445853643e+00
1.254182437170574760e+00
1.257084000927888079e+00
1.259704125221034809e+00
1.262283894328855682e+00
1.264461254825087311e+00
1.268296568853482853e+00
1.271856162750349517e+00
1.274527790872674204e+00
1.277456828380135079e+00
1.280847147044956058e+00
1.282684040698009120e+00
1.284973448937001494e+00
1.287765557411785444e+00
1.290485935701395137e+00
1.293172318016653888e+00
1.295403294374786185e+00
1.298606069758066139e+00
1.301730184153808478e+00
1.304376185405192512e+00
1.306851390704801608e+00
1.309101572110929812e+00
1.312631454336327996e+00
1.315927239120956216e+00
1.318927717611292127e+00
1.323079992255110859e+00
1.325288763542350923e+00
1.328807792194732773e+00
1.331908691877455198e+00
1.334783877141686448e+00
1.337566668955509464e+00
1.340310398667581726e+00
1.343163814561734837e+00
1.347319866032953062e+00
1.349628204593575687e+00
1.354403519287260771e+00
1.357330480792137140e+00
1.360983227436467935e+00
1.364674045127019175e+00
1.367022139278265991e+00
1.369661323217250759e+00
1.372173098741019226e+00
1.374053853670327952e+00
1.376352284408160598e+00
1.379989132629737103e+00
1.381468232600802315e+00
1.384414012373504255e+00
1.387040801355786890e+00
1.389105259969198869e+00
1.392521029384651055e+00
1.395124290400789446e+00
1.398842058516377884e+00
1.400402789192661146e+00
1.403477706034859551e+00
1.406691234614681596e+00
1.409701684755520157e+00
1.412419734992691467e+00
1.415354939473963514e+00
1.418194511253883405e+00
1.420636312321217787e+00
1.422297301672403647e+00
1.425383482035495586e+00
1.428474005753115783e+00
1.433327561107017090e+00
1.435949731560643317e+00
1.439103082437432679e+00
1.442165563667755057e+00
1.443917992825667351e+00
1.447157983544742788e+00
1.449943628370023996e+00
1.451656282163952705e+00
1.454554640875188820e+00
1.456822426336969789e+00
1.459447300372771483e+00
1.463950558387461909e+00
1.467215872598720328e+00
1.470492181812197652e+00
1.473478108579963974e+00
1.475626949228605156e+00
1.478498687011221113e+00
1.481338864312863324e+00
1.483762953274126328e+00
1.487411609750448616e+00
1.489741136127282539e+00
1.492146360354714263e+00
1.494547982372318895e+00
1.497194319867166890e+00
1.499991909432693005e+00
1.502446970585129771e+00
1.505455375804579221e+00
1.508035992216280929e+00
1.511042341474158723e+00
1.513534409389895252e+00
1.516639012314178636e+00
1.519574673147576105e+00
1.521920503307080175e+00
1.524555642846473269e+00
1.528424388483306418e+00
1.530675224334230089e+00
1.533112624066925722e+00
1.535742805684924273e+00
1.539082590482430346e+00
1.541635448773255312e+00
1.544058311421789842e+00
1.547651489217628296e+00
1.551351970700924232e+00
1.554078041073371663e+00
1.557428473333306806e+00
1.559943749160098481e+00
1.562337298557145981e+00
1.565030824844421575e+00
1.568930584978363907e+00
1.571940550352739052e+00
1.574702933606814126e+00
1.577112071917750491e+00
1.579773688459281011e+00
1.581796477517538158e+00
1.584049271016565230e+00
1.587371238818121588e+00
1.589142911204625808e+00
1.592443250841305113e+00
1.595965761179502618e+00
1.599226149024930654e+00
1.602279933708319559e+00
1.605007595024893430e+00
1.608428958365559991e+00
1.611839338892779194e+00
1.614493605069619697e+00
1.617737983403519486e+00
1.620093536473944607e+00
1.623551538068966016e+00
1.625680453790627089e+00
1.628341685696660601e+00
1.631099333480677149e+00
1.633631743483320964e+00
1.636760592265193992e+00
1.638780783224957904e+00
1.640927751851098737e+00
1.644475217008040335e+00
1.646834539208594128e+00
1.649412651969522692e+00
1.652770406122745062e+00
1.655388715629209750e+00
1.657580085353391075e+00
1.660883309760147863e+00
1.663174931114052235e+00
1.665995758772791158e+00
1.667423553645482892e+00
1.669594799859959178e+00
1.671483136735481434e+00
1.674117106394612087e+00
1.676938234511281989e+00
1.679583597199600264e+00
1.682098846495353905e+00
1.685746246990819541e+00
1.689060566396981322e+00
1.691605484940952087e+00
1.695102280069122891e+00
1.698535570016621365e+00
1.701238675191272920e+00
1.703087695252430089e+00
1.704984885469303046e+00
1.708624508553723276e+00
1.712651686171186904e+00
1.715662480984846860e+00
1.718891549408236630e+00
1.722369724691538595e+00
1.724151752983253960e+00
1.726290721321596111e+00
1.729267980066983901e+00
1.732466917032695619e+00
1.734252170454034125e+00
1.738239206643674040e+00
1.741525332370577051e+00
1.743651236190997711e+00
1.745579108052043305e+00
1.748097658964758327e+00
1.750433676841679054e+00
1.752562853456860248e+00
1.754762171732265674e+00
1.757028009819272540e+00
1.759444385379606013e+00
1.762110876241097968e+00
1.764309962964487166e+00
1.767712423575290126e+00
1.770875142346138853e+00
1.774398695759721312e+00
1.776727046414168010e+00
1.779117186588977662e+00
1.782379688272741625e+00
1.785136972159916402e+00
1.788234632646994005e+00
1.791323354916881438e+00
1.794930078085519964e+00
1.798165601420560256e+00
1.800413493331552761e+00
1.803537016007761506e+00
1.805615785784726812e+00
1.810087304067976355e+00
1.813163876064142421e+00
1.815742541265359611e+00
1.818376054016124899e+00
1.821623626541737373e+00
1.824836177635078993e+00
1.827810751774687104e+00
1.830422443235435015e+00
1.833296659992745825e+00
1.835792041367014571e+00
1.837721143203110197e+00
1.841279125138546968e+00
1.844424884762068562e+00
1.846548372942856009e+00
1.849889863298533443e+00
1.851605319203140754e+00
1.853898190269440249e+00
1.856502365063941173e+00
1.859957501484690967e+00
1.862762591180385341e+00
1.865283310925807125e+00
1.867289041481945855e+00
1.870269115726923337e+00
1.873614637679978268e+00
1.876646435585514139e+00
1.881144347698478381e+00
1.884135193887464199e+00
1.887448897971699457e+00
1.889683265012639612e+00
1.892182274221000160e+00
1.895151355557141537e+00
1.898133321984317945e+00
1.901092182362263072e+00
1.904713592716170023e+00
1.906719367167359458e+00
1.909194754696958762e+00
1.910477189157341771e+00
1.913405466655600184e+00
1.915242236791416808e+00
1.917566412988307878e+00
1.921302800137537847e+00
1.924827973961129368e+00
1.928513851051127492e+00
1.932700228644445239e+00
1.935622062931328990e+00
1.938813037895048330e+00
1.941783259620862845e+00
1.943392045305810667e+00
1.946661537117017504e+00
1.950632269106203465e+00
1.954031564888525585e+00
1.956609187150713636e+00
1.960759877320230826e+00
1.962955418256265183e+00
1.966378886218545619e+00
1.969308742046087080e+00
1.971011618537524601e+00
1.972924591798010940e+00
1.975187207156932745e+00
1.977880163787082646e+00
1.980776817018740532e+00
1.984090701638476562e+00
1.986461079470140723e+00
1.989885368891966433e+00
1.991832709395774170e+00
1.994524725177633018e+00
1.998272708719763147e+00
2.000507534545474364e+00
2.003504865968553261e+00
2.006050207397426455e+00
2.010049412641285116e+00
2.013379443236728239e+00
2.015355392281379387e+00
2.018051809394074692e+00
2.021921057001464739e+00
2.025051523117602059e+00
2.028053953121286224e+00
2.030942847129929785e+00
2.033067776135430993e+00
2.036349248442482107e+00
2.039426890605910536e+00
2.041304021550102821e+00
2.043753467714133798e+00
2.046606971423414745e+00
2.049974918246233013e+00
2.053071462111079715e+00
2.055092534711020491e+00
2.057818310347926616e+00
2.061597194069221484e+00
2.063981670318662864e+00
2.066919111965682454e+00
2.070283265633958703e+00
2.072750619366038549e+00
2.075011362231603318e+00
2.077899789421569832e+00
2.080244500023952892e+00
2.083985569529743564e+00
2.087496486758543046e+00
2.090658946147549990e+00
2.093687082680440792e+00
2.096603371422970152e+00
2.099439619215881070e+00
2.102721403993505600e+00
2.105560908631506134e+00
2.108486734853073141e+00
2.111457125809937274e+00
2.113828512226013423e+00
2.120450358756281517e+00
2.122645070144016710e+00
2.125009540345862646e+00
2.128914109900333251e+00
2.131251039280008364e+00
2.134911565576919301e+00
2.137604743415516317e+00
2.140079623697747291e+00
2.142222649375984833e+00
2.144586370632008077e+00
2.148418332728366575e+00
2.151445307792120953e+00
2.154330191870081457e+00
2.156354931547804110e+00
2.158840133169385389e+00
2.160689373930197110e+00
2.164363239514330850e+00
2.168304465148187532e+00
2.171327392799933698e+00
2.173392238587388281e+00
2.176141097448166306e+00
2.178598278774769970e+00
2.180372715595119804e+00
2.182252647151719405e+00
2.184849013709753152e+00
2.188203975977283999e+00
2.191239243018701988e+00
2.194150709300662694e+00
2.196955527019931242e+00
2.200180794035189180e+00
2.203790906241768877e+00
2.207144079926543156e+00
2.209117980207661258e+00
2.212164615653146260e+00
2.215100921775459586e+00
2.216845305483521322e+00
2.219860223778375996e+00
2.222599265887226672e+00
2.225187018655469195e+00
2.227197869614381709e+00
2.231315651812480816e+00
2.233309878569363693e+00
2.236330253489458464e+00
2.239521005511114993e+00
2.242917270403589569e+00
2.246926548052390338e+00
2.249205702231710458e+00
2.252015161793123443e+00
2.255959590617853117e+00
2.258042024397651115e+00
2.261379244155168333e+00
2.263443747714547705e+00
2.266242766868285408e+00
2.268305969389871279e+00
2.271159701884114757e+00
2.274000770258475246e+00
2.277298250312176364e+00
2.280246931628994833e+00
2.283076034909501839e+00
2.285362574604518304e+00
2.288064075693923893e+00
2.291304606871423566e+00
2.294871502778349281e+00
2.297334007863631733e+00
2.300269872592443310e+00
2.303342527358027692e+00
2.307136675975380857e+00
2.310030530436644192e+00
2.313633507300997483e+00
2.317643318846778211e+00
2.318839092918964617e+00
2.321646894233951652e+00
2.323992812477066572e+00
2.325893525775008186e+00
2.328704371803592910e+00
2.330826987459430288e+00
2.333931866938963928e+00
2.335581152137227612e+00
2.338632222728231014e+00
2.340524524941741902e+00
2.343316280618215952e+00
2.347168325517207776e+00
2.351145940344641527e+00
2.354110103915782126e+00
2.358310873233207428e+00
2.361419969210748704e+00
2.363557057514326321e+00
2.366452703579875028e+00
2.369528863278446362e+00
2.372363243251092602e+00
2.376464473309323644e+00
2.379993303806578364e+00
2.382476601947989714e+00
2.385389193189126456e+00
2.387492648849265375e+00
2.390759144075433440e+00
2.393428988128893931e+00
2.396525499600174136e+00
2.399108318642515503e+00
2.401561499954871337e+00
2.403803960878732493e+00
2.406347448067508665e+00
2.408692665076771711e+00
2.411705559409146993e+00
2.414682314108049344e+00
2.417576711628746100e+00
2.419810260184750650e+00
2.422702768952710972e+00
2.425977517670626860e+00
2.429367036721404194e+00
2.432052839983078751e+00
2.435324069113837364e+00
2.437692780599719278e+00
2.440170984276759381e+00
2.444860554274354669e+00
2.448125017049670227e+00
2.451666237260432979e+00
2.453977324119696490e+00
2.458200573965934055e+00
2.460295696378318464e+00
2.462506282723367690e+00
2.465130627449132472e+00
2.467349226377179683e+00
2.470384289750363838e+00
2.473258746064863622e+00
2.476431146676952633e+00
2.479485113238770300e+00
2.484016569828638055e+00
2.487240921821033179e+00
2.490007525862594218e+00
2.492587431101146667e+00
2.495332718698425101e+00
2.497416446814029634e+00
2.499885442123066071e+00
2.504181193599611444e+00
2.506759992970148954e+00
2.510816618113994814e+00
2.513428866400697181e+00
2.516700006727769168e+00
2.518247590501542010e+00
2.519931229362028624e+00
2.523247587592728269e+00
2.525979802541555408e+00
2.528619820272062224e+00
2.531018992438926585e+00
2.533578299382132304e+00
2.536889161890338418e+00
2.540614080176732514e+00
2.543212820554082043e+00
2.545896279718257826e+00
2.548528326106480613e+00
2.551113579844425328e+00
2.553698361683280904e+00
2.556745638644029039e+00
2.560000851339714778e+00
2.563353210333572108e+00
2.566913111945860138e+00
2.568922774935696207e+00
2.571823282432208924e+00
2.575127416737375441e+00
2.577922008557644418e+00
2.581235434994205935e+00
2.583965275999050348e+00
2.586218821177939553e+00
2.588485964767569314e+00
2.590842441201502311e+00
2.593480829520172115e+00
2.595465552869731241e+00
2.597449690896642682e+00
2.600486583323654788e+00
2.603093295949431063e+00
2.606879066958731173e+00
2.609674943457863883e+00
2.612714235950432062e+00
2.615857959430493818e+00
2.618892444447795675e+00
2.622302969651923110e+00
2.624457214354583456e+00
2.627421381061140426e+00
2.630702295620331643e+00
2.633840409961774487e+00
2.637377737271656475e+00
2.641027594316819105e+00
2.643740793781589105e+00
2.646815876652449440e+00
2.649589765665833152e+00
2.652290993263386021e+00
2.654711761237339207e+00
2.656322337790384847e+00
2.659873382035953249e+00
2.662661079268019648e+00
2.666353909576980818e+00
2.668762498780045345e+00
2.670781829283008779e+00
2.674182460267988226e+00
2.676465195826018384e+00
2.679075155723232182e+00
2.681179007625988042e+00
2.684151127235782308e+00
2.686906544214101356e+00
2.689168487611719005e+00
2.691709003766789454e+00
2.694906678110212006e+00
2.697619755969648647e+00
2.700136988655060133e+00
2.702742873484293984e+00
2.705753009152441546e+00
2.707848725676275770e+00
2.711370142655478155e+00
2.714280779991211645e+00
2.717375722118759107e+00
2.719355763459654352e+00
2.723029996532650099e+00
2.725561653262077666e+00
2.727501617508317100e+00
2.731340779318830236e+00
2.734026972698658131e+00
2.736354802844482847e+00
2.738351534590748759e+00
2.741490697012824107e+00
2.745113641968992102e+00
2.747601549102631768e+00
2.749900715667331408e+00
2.751571331535827891e+00
2.755467154715421252e+00
2.758608539508285773e+00
2.762005833242906938e+00
2.765412699455672918e+00
2.767569503296134048e+00
2.770759022636329671e+00
2.772681118812740930e+00
2.776798993972898977e+00
2.779281134065919812e+00
2.781919053622031512e+00
2.783814517122911170e+00
2.786720779981961105e+00
2.789273204437685560e+00
2.791158204851112323e+00
2.794450845787605608e+00
2.797010958951601012e+00
2.799649431700410140e+00
2.801834041243223439e+00
2.805083779330356020e+00
2.808104463694673036e+00
2.810563217257849633e+00
2.814163518490063520e+00
2.818797391676993946e+00
2.821000294292436372e+00
2.824198679061175277e+00
2.826444869464526555e+00
2.829196832786990079e+00
2.831947030437506729e+00
2.834716715104284912e+00
2.837219460824885964e+00
2.842237038814677597e+00
2.845862094152276089e+00
2.848356615158399219e+00
2.850641577399137372e+00
2.853615522598694110e+00
2.857072160006862926e+00
2.859866310466884443e+00
2.862784043634036824e+00
2.866482554924802972e+00
2.869231108408245134e+00
2.871824248186959583e+00
2.874434485481381252e+00
2.878483688088444570e+00
2.881919231808665049e+00
2.884780101384424977e+00
2.888039511715591257e+00
2.892106653157591634e+00
2.894623104546985903e+00
2.896992584995354392e+00
2.899262799551939995e+00
2.902871932255719933e+00
2.905871579630249890e+00
2.909525230015630903e+00
2.912930263349675197e+00
2.915672417150098727e+00
2.918891827867922562e+00
2.920832917538580986e+00
2.923715323619676898e+00
2.927857967896815072e+00
2.929958931708296355e+00
2.931728815039071900e+00
2.934425163945248993e+00
2.936512156516708050e+00
2.938437976076234470e+00
2.940803272482994224e+00
2.943779730529824334e+00
2.946306788168706614e+00
2.948377389731117848e+00
2.952353499457692099e+00
2.956368643765470594e+00
2.959197048336613900e+00
2.962182533081532121e+00
2.965003762819292010e+00
2.967789631173854747e+00
2.970428634632072296e+00
2.974080492783046648e+00
2.977088361469050426e+00
2.979283131816139463e+00
2.981758932631828340e+00
2.984338074672318708e+00
2.987174864307964306e+00
2.990230591708698871e+00
2.992787555346624107e+00
2.995500190618093139e+00
2.999022207633921244e+00
3.001501787234737151e+00
3.004789592666566644e+00
3.007101963893101804e+00
3.009725945504469369e+00
3.013480651796469623e+00
3.016059064248725274e+00
3.019123869444394259e+00
3.022610235510160059e+00
3.026618410392239333e+00
3.027998832098314441e+00
3.031105240301640080e+00
3.034444867772692511e+00
3.036677029245860027e+00
3.039745586336676908e+00
3.042449937579843944e+00
3.045066099319733155e+00
3.048381268137088984e+00
3.050214424064352947e+00
3.053540864770367680e+00
3.057535774113602667e+00
3.059401769657854597e+00
3.062718163863452858e+00
3.065598083913569472e+00
3.067572477719119561e+00
3.069623716984791528e+00
3.071488951089133668e+00
3.073705348765846779e+00
3.076803822748064743e+00
3.080314159247727890e+00
3.083078420319030233e+00
3.085945984030457279e+00
3.088982566065078483e+00
3.091656506849000063e+00
3.093953676298363931e+00
3.097104447760988144e+00
3.099640448707585261e+00
3.101208297998311991e+00
3.103732687206837593e+00
3.106445289760699335e+00
3.108448248896544808e+00
3.111646059803672593e+00
3.114363273006092836e+00
3.117337278771694198e+00
3.121650942682065111e+00
3.123907940483260592e+00
3.126872526911894212e+00
3.130003710550511631e+00
3.133854941850996667e+00
3.136092519292657421e+00
3.138542594993258383e+00
3.141420793034822800e+00
3.143197888453378219e+00
3.146479517490500033e+00
3.149113739407565227e+00
3.151192830755503493e+00
3.153638275601005070e+00
3.156976882828715247e+00
3.159627497842566690e+00
3.162006814053689219e+00
3.165928877637385508e+00
3.168040865035420151e+00
3.171169972488047328e+00
3.174223946565618792e+00
3.177495083887873939e+00
3.181447984960645403e+00
3.183376016880171910e+00
3.186243955483439194e+00
3.188232113036278736e+00
3.190398721534652093e+00
3.193905441219576868e+00
3.195955684326444945e+00
3.199742251703080687e+00
3.201963004936030366e+00
3.205557573827879203e+00
3.208570401329440713e+00
3.211798495957422173e+00
3.214092446160202510e+00
3.215722961873745067e+00
3.217896767055327345e+00
3.221132212716155241e+00
3.224103196263057747e+00
3.225927096643179670e+00
3.228649230285125515e+00
3.231842044475222497e+00
3.234169869186621860e+00
3.236565382027296156e+00
3.239608453976869029e+00
3.242258940918358867e+00
3.245146364698090036e+00
3.247405939655041429e+00
3.249395582202490029e+00
3.251053852155921575e+00
3.254170949767919208e+00
3.257471384780720847e+00
3.259923496955349442e+00
3.263077435285777206e+00
3.265373894023355206e+00
3.267486837988063719e+00
3.270531825432252404e+00
3.273362521018097659e+00
3.275976952458777625e+00
3.278922372849365718e+00
3.281065187624049528e+00
3.283283123103584167e+00
3.286475446759951957e+00
3.289505004070623961e+00
3.294749197587858003e+00
3.298081212084630121e+00
3.300980316937314640e+00
3.303182363141594191e+00
3.305444119386827140e+00
3.308379230337915367e+00
3.311628350128735576e+00
3.313473431635939992e+00
3.316246465332652882e+00
3.318909990794539855e+00
3.321167030223795003e+00
3.323791674448260292e+00
3.327032178637442161e+00
3.329769061044671741e+00
3.333187455304476021e+00
3.336769914927895098e+00
3.339532300507651374e+00
3.341516234438751010e+00
3.344661690328074588e+00
3.347341491720710938e+00
3.350116558758953644e+00
3.353226702747397869e+00
3.356590258740767219e+00
3.359542928730335998e+00
3.362606575047115243e+00
3.365734880122857042e+00
3.368502461002824244e+00
3.371733472724925296e+00
3.374286683702259371e+00
3.377628419456313758e+00
3.380158316887725611e+00
3.382197013051170043e+00
3.385240957750488278e+00
3.388458614447165118e+00
3.391815054749513614e+00
3.394195176464894992e+00
3.396875957033437921e+00
3.398906759324867188e+00
3.400554419847046539e+00
3.403214259695417798e+00
3.405830312784277059e+00
3.409032117755949276e+00
3.412636709721460271e+00
3.415826926615061154e+00
3.418212744118924284e+00
3.420178947980401674e+00
3.423394005060761636e+00
3.427595707696613481e+00
3.429936166980844803e+00
3.431552926889682720e+00
3.435797134828705968e+00
3.437467037026329386e+00
3.441369655002219030e+00
3.442850414859007557e+00
3.444649190079643208e+00
3.447629583444069112e+00
3.450669290243439491e+00
3.453002092404277246e+00
3.455588699838867406e+00
3.457586213061042635e+00
3.460379507094733409e+00
3.463471959071299899e+00
3.465657200422653794e+00
3.468874196516669617e+00
3.472430734693579879e+00
3.474008337601462770e+00
3.475726487027917866e+00
3.479440135516017829e+00
3.482576151229389794e+00
3.485302025258466774e+00
3.488118085150377468e+00
3.490885843136523725e+00
3.493444722134739777e+00
3.496185121614665992e+00
3.499812273448029920e+00
3.502160314232314775e+00
3.505560749229540640e+00
3.507718549525721041e+00
3.511678494271991635e+00
3.515491782396457321e+00
3.518443411471106064e+00
3.519957722235245612e+00
3.522993235099852960e+00
3.524796932678746053e+00
3.528594778944706523e+00
3.530391941375260689e+00
3.534251488915127304e+00
3.536934718227743524e+00
3.539029657531650219e+00
3.541879933830299532e+00
3.544035984727281541e+00
3.546497374066823749e+00
3.549215695564041706e+00
3.553046965903525312e+00
3.555512163223347954e+00
3.557459752950094867e+00
3.560478757194740052e+00
3.561957154727724451e+00
3.565136033025171347e+00
3.567496359493212310e+00
3.571005771176170462e+00
3.573675416428128138e+00
3.576819160282872723e+00
3.579447112641994444e+00
3.581757763102127790e+00
3.585092698699829494e+00
3.588838125128426260e+00
3.591785819466486895e+00
3.594297564864216366e+00
3.596679054066954428e+00
3.599495168490472352e+00
3.602507196331049322e+00
3.604985787077850112e+00
3.607627474762778785e+00
3.610787520289973518e+00
3.613424954671792921e+00
3.616241981837079678e+00
3.618819278029897557e+00
3.621614940830996332e+00
3.624548756983585474e+00
3.627647272419584290e+00
3.630819269868073906e+00
3.633949265094198910e+00
3.637513078112900811e+00
3.640271498466242761e+00
3.643956930710603448e+00
3.648658953556087603e+00
3.650238212460080067e+00
3.652603381343621169e+00
3.655382457210184732e+00
3.659293084659549500e+00
3.662535815556133389e+00
3.664997877221121136e+00
3.667173312557183706e+00
3.669316391119478382e+00
3.672127843120963409e+00
3.674964095893245908e+00
3.678248603064338873e+00
3.681570484500430229e+00
3.684273785789988764e+00
3.686280086472554451e+00
3.689382267811003313e+00
3.691197865491484986e+00
3.695081583773351053e+00
3.697286211826180669e+00
3.699261735628802228e+00
3.701476842727944749e+00
3.704628072808165307e+00
3.707762800211110932e+00
3.710182123218376482e+00
3.711622215161848981e+00
3.714107378432415896e+00
3.716822512906451603e+00
3.720881929796524545e+00
3.724027995452056761e+00
3.726013805492046416e+00
3.730483193696327415e+00
3.732456553563657131e+00
3.735457995292826627e+00
3.738101997630208118e+00
3.740662780696837331e+00
3.743299674051942194e+00
3.746831449668317937e+00
3.749074319475417472e+00
3.751536652180709641e+00
3.753656670283588070e+00
3.758072670986441821e+00
3.760118199459110411e+00
3.762678190840572867e+00
3.765781825358196055e+00
3.768436514734150311e+00
3.771270343034452299e+00
3.773966311356499848e+00
3.776094968375192540e+00
3.779500068658134815e+00
3.782605048491506583e+00
3.784258260354606662e+00
3.787421905435734093e+00
3.788802270754926482e+00
3.790469100026588212e+00
3.792744572301233852e+00
3.795719968072707839e+00
3.799125588919719743e+00
3.801314927616981532e+00
3.803751646933512642e+00
3.806260247028487864e+00
3.809235415295932015e+00
3.812673565247971741e+00
3.815887020994481738e+00
3.820736884936770217e+00
3.823406424417198135e+00
3.825545047851709235e+00
3.827455359697072179e+00
3.831091971768228355e+00
3.833671769997971879e+00
3.837660918876883986e+00
3.840895958350097672e+00
3.843343893135575673e+00
3.846561166119206288e+00
3.849938973007200893e+00
3.853800040374426583e+00
3.856410673555487723e+00
3.859328552787543387e+00
3.862846816108887360e+00
3.865991862267511348e+00
3.868965029991002780e+00
3.871568691762756753e+00
3.874163979789622569e+00
3.878382614480665236e+00
3.880815162623614256e+00
3.883651552392159534e+00
3.888706084118484174e+00
3.891093429674861603e+00
3.893230681999935161e+00
3.896999559751781028e+00
3.900659985826175902e+00
3.904025210582053429e+00
3.907521213691839801e+00
3.909321309297045577e+00
3.911790170285675661e+00
3.915252721950984505e+00
3.918135634620439234e+00
3.920753357731192601e+00
3.923211838879956836e+00
3.926074455454707568e+00
3.929424376711467826e+00
3.933094560481983581e+00
3.936779856202367700e+00
3.939197093488341572e+00
3.942489710115647750e+00
3.944943382246851815e+00
3.947331601450026373e+00
3.950040764122522585e+00
3.952453616000539682e+00
3.955065723092768160e+00
3.957482249836007604e+00
3.959469165720569173e+00
3.963201070430272033e+00
3.966151545439799531e+00
3.971607425841183758e+00
3.975025959322233682e+00
3.978729637640447070e+00
3.980784006121695917e+00
3.983513343990804589e+00
3.986795995509669677e+00
3.989649777381429452e+00
3.992609964476734774e+00
3.994711429870737796e+00
3.998314564884826616e+00
4.001078399954719700e+00
4.003407109204519365e+00
4.005875894472439747e+00
4.008926228550564019e+00
4.013515308090777722e+00
4.016282715098575373e+00
4.018499659210158725e+00
4.020386610409699912e+00
4.022960267124970457e+00
4.024995766711224832e+00
4.028464528842771841e+00
4.031484286325872191e+00
4.033825893618357306e+00
4.037343764007363944e+00
4.040240334048410986e+00
4.043704063828890582e+00
4.046563359054983877e+00
4.049067446586552599e+00
4.051493877695859780e+00
4.054945987555950815e+00
4.057442425844838496e+00
4.060047465808938938e+00
4.062598433268043152e+00
4.065618028901314851e+00
4.071007299566107740e+00
4.073424069361914590e+00
4.076575267866039631e+00
4.080530585783728625e+00
4.083761130230777248e+00
4.086250922253425344e+00
4.091276514626022376e+00
4.092564550137733903e+00
4.094931589498051139e+00
4.098734869099315503e+00
4.101235499088372372e+00
4.104255234857274282e+00
4.107792992402390375e+00
4.111415607983011533e+00
4.114410629617618831e+00
4.116981437443148373e+00
4.118230032279941888e+00
4.122355712588195331e+00
4.126002712853331644e+00
4.128125677698987417e+00
4.130167196070948066e+00
4.132951434253797629e+00
4.135959469187459270e+00
4.139616336686961162e+00
4.142064387550374427e+00
4.143777850759894577e+00
4.147238494597822900e+00
4.150362181500556247e+00
4.152363573053412082e+00
4.155338899867953018e+00
4.160080251949903385e+00
4.162503373572705279e+00
4.166199604950690194e+00
4.170075734072377749e+00
4.172985563215845239e+00
4.176321768080344832e+00
4.179720079194680693e+00
4.182395450541632975e+00
4.185827867647661016e+00
4.188208966900051955e+00
4.190322593439183230e+00
4.193400898473852223e+00
4.195765576095287663e+00
4.197889570258149128e+00
4.199609400591505448e+00
4.202765599837706034e+00
4.205348971688993132e+00
4.207622535710225264e+00
4.211862596773307210e+00
4.215314200692342084e+00
4.218621695473109945e+00
4.221534854180018392e+00
4.226053303932727268e+00
4.229834280180833517e+00
4.232595216994783804e+00
4.235081760871690193e+00
4.238886514800193517e+00
4.240742293067805591e+00
4.243733077933659281e+00
4.246525886887692280e+00
4.249588953195258867e+00
4.253792366954877835e+00
4.256446652115998930e+00
4.260615997585833981e+00
4.264350144843701784e+00
4.266115504007141013e+00
4.269039102945415110e+00
4.272049367902043038e+00
4.275621616152930571e+00
4.278804444230263293e+00
4.280478299781561802e+00
4.282774158557221433e+00
4.285174179507833969e+00
4.288839214163621349e+00
4.291633564636699205e+00
4.294021709487950034e+00
4.297069651165393189e+00
4.299043660787423171e+00
4.301987527212623341e+00
4.305796932325733906e+00
4.308280855111826568e+00
4.311103462308880196e+00
4.313104485172193137e+00
4.315322332955490836e+00
4.317868782496907976e+00
4.321879343306056498e+00
4.325458254836181737e+00
4.328286207916915096e+00
4.330160559826634170e+00
4.332706413623473196e+00
4.335517571041142659e+00
4.339010017237440842e+00
4.341879024992834957e+00
4.344543918376793989e+00
4.346564091933424301e+00
4.351287914048518779e+00
4.353254768984482936e+00
4.356438860021977000e+00
4.359191906016605778e+00
4.361828627851390472e+00
4.366015594572888681e+00
4.370219301736093520e+00
4.373607154939045394e+00
4.377039277107389381e+00
4.382005245003432137e+00
4.384772695565311906e+00
4.387472193714050839e+00
4.390696338103114549e+00
4.393358998623056344e+00
4.396203663652761939e+00
4.398412085464838306e+00
4.401022725973011696e+00
4.403764598173498079e+00
4.405222673130941402e+00
4.407601558566050848e+00
4.410479642698935443e+00
4.413885436734188872e+00
4.416211505259795445e+00
4.418905740429718954e+00
4.422130083831166125e+00
4.426151539135408264e+00
4.428312847403613972e+00
4.431555681455384921e+00
4.434247515502211634e+00
4.437564523484785362e+00
4.440529241927800186e+00
4.444710956367174504e+00
4.448373830321264322e+00
4.452085301177685750e+00
4.455763284703119886e+00
4.459076318581333354e+00
4.461429891884874266e+00
4.463557307859788104e+00
4.467203094790253459e+00
4.469223369505700205e+00
4.471135376751968593e+00
4.473580369512367483e+00
4.475453582498032823e+00
4.478353405713646040e+00
4.481193490879284091e+00
4.483783418748666705e+00
4.487160246921720663e+00
4.489737634907657871e+00
4.493285711888106881e+00
4.495918281205472766e+00
4.500006530966445872e+00
4.502673291442040870e+00
4.504956927277564915e+00
4.507961162285847756e+00
4.509961448867261247e+00
4.512437272600745786e+00
4.515486466701876367e+00
4.518335920901537683e+00
4.520978406694938556e+00
4.522959002168992271e+00
4.526086682027876229e+00
4.529723594690366006e+00
4.533833273735749181e+00
4.536817309831454814e+00
4.539291801296651663e+00
4.543232763340836478e+00
4.547455962068581492e+00
4.550636442693006600e+00
4.554099352139795442e+00
4.558732719884905471e+00
4.561724309389156851e+00
4.564667511669729727e+00
4.566907260306273919e+00
4.570291140015967812e+00
4.572908789576770161e+00
4.576606327720833534e+00
4.580223604497583700e+00
4.583269425448198930e+00
4.587934996372975860e+00
4.591912300755775611e+00
4.595709988326659001e+00
4.597942100713850344e+00
4.600194875368715408e+00
4.603141966722089862e+00
4.606012572018577167e+00
4.609621609245418306e+00
4.612125611796645153e+00
4.615851013552075166e+00
4.618075017463918464e+00
4.621024488249590334e+00
4.624363027071447974e+00
4.627041796099985227e+00
4.630857686635343917e+00
4.633203198856708838e+00
4.636673225632597095e+00
4.640162560482755438e+00
4.642315313025646262e+00
4.645040843598995828e+00
4.648243674262527492e+00
4.651048065843911061e+00
4.654435923733545089e+00
4.657421084756413698e+00
4.659957557038635123e+00
4.663819215582319266e+00
4.666691822544200008e+00
4.670976337816593826e+00
4.675155335605952089e+00
4.677862012199079267e+00
4.680545782489114792e+00
4.682755818363845357e+00
4.685777225403880308e+00
4.688406498190311744e+00
4.690644030657301400e+00
4.693457459470910642e+00
4.695713891901872827e+00
4.699249892539982376e+00
4.702210377650762219e+00
4.705191519259522615e+00
4.709182974708881808e+00
4.712538591024796553e+00
4.714969765841583893e+00
4.719446768755853228e+00
4.721538505064946989e+00
4.725185948566103633e+00
4.727180842152267637e+00
4.729761398021296692e+00
4.733196064754794818e+00
4.736485182849690112e+00
4.739229723686564810e+00
4.741502512696164295e+00
4.744671937424444152e+00
4.749640152395118164e+00
4.753068143932074996e+00
4.757404578348142010e+00
4.760675465035764553e+00
4.762982764610987907e+00
4.766229330340999049e+00
4.768349742532513424e+00
4.770763069063389317e+00
4.773846512402147191e+00
4.776444475499306286e+00
4.779421446600982115e+00
4.782271262379652832e+00
4.785262103175946358e+00
4.788345766904793521e+00
4.792501685068401684e+00
4.795776148967856756e+00
4.799348979270020799e+00
4.802524529511670970e+00
4.805322388205834017e+00
4.808791829120417027e+00
4.812255279628559812e+00
4.815281512792879859e+00
4.818389444192531457e+00
4.821133529318083255e+00
4.823300647713748113e+00
4.825821455192873977e+00
4.828135233734532683e+00
4.830670606229866770e+00
4.834599469042023756e+00
4.838012718757091157e+00
4.841098874443641620e+00
4.844026286204091925e+00
4.847562918404341836e+00
4.849226153893245517e+00
4.854272550737035452e+00
4.856113401845732369e+00
4.859699060245848301e+00
4.863410441336865730e+00
4.867046135862370448e+00
4.870960092252627938e+00
4.873707401965285513e+00
4.875356587466650460e+00
4.877576318938404043e+00
4.879516532473303414e+00
4.882682168507681553e+00
4.884755558675569098e+00
4.886678547231777081e+00
4.890619388838762127e+00
4.893890820269461095e+00
4.898321396644864656e+00
4.900894620119070844e+00
4.904708924165331219e+00
4.909069574838897942e+00
4.912957485118853107e+00
4.916935716524441169e+00
4.920845391310568750e+00
4.922810225036220011e+00
4.925927792277955852e+00
4.929406748531003579e+00
4.932255910162087531e+00
4.935686981605898360e+00
4.939067350258972589e+00
4.943041480033568469e+00
4.945397095590825742e+00
4.947640793751896027e+00
4.951237069159367010e+00
4.953534822047256370e+00
4.957522814261642985e+00
4.961370899026481318e+00
4.964290636043472205e+00
4.966892243127455586e+00
4.970463966162710356e+00
4.973064866599153255e+00
4.974898448363200387e+00
4.978483923958387791e+00
4.981446461274907200e+00
4.984898231214615727e+00
4.989189663610262393e+00
4.991754421601589442e+00
4.994062451030832683e+00
4.996608603340765953e+00
4.999728045700130075e+00
5.003328695528145964e+00
5.006268018747499049e+00
5.008260564685757643e+00
5.010430763043120628e+00
5.013839028783138474e+00
5.016787463613190390e+00
5.020529745776676656e+00
5.023839775213825298e+00
5.026973315332294412e+00
5.029978419231415643e+00
5.033205176691007310e+00
5.036065800998025033e+00
5.040247951878316535e+00
5.042954535597635513e+00
5.046924532389924778e+00
5.050952053491379878e+00
5.053572994613094060e+00
5.056858085906209332e+00
5.059863292290559755e+00
5.061841823687625030e+00
5.064496631108139191e+00
5.067221937284627664e+00
5.070680756061102912e+00
5.073437712372045105e+00
5.076237759816834227e+00
5.079488978056726722e+00
5.081969152901012698e+00
5.084807459379750760e+00
5.088672977992314550e+00
5.090733965847856979e+00
5.093590374804112919e+00
5.097195543811393392e+00
5.099495925019580156e+00
5.103374816217288057e+00
5.107304813454191184e+00
5.110375825809805761e+00
5.111951963678080801e+00
5.114528278936368189e+00
5.117603427501383528e+00
5.119941663751408356e+00
5.123326920118093319e+00
5.126529176489959205e+00
5.129358140952702705e+00
5.133851353976785603e+00
5.136815204872803520e+00
5.139599784034884600e+00
5.143068438343812332e+00
5.145720610173344589e+00
5.149327906353639683e+00
5.154437189966043498e+00
5.157594720920477549e+00
5.160496417459652818e+00
5.164444852553892851e+00
5.169349495639319336e+00
5.171371304505623101e+00
5.173765350273014541e+00
5.176275766581534654e+00
5.178908124393613477e+00
5.179789111866099915e+00
5.184139097489898873e+00
5.187456249301681588e+00
5.190923376849398529e+00
5.194048366719838938e+00
5.198950968908531145e+00
5.201614909530704267e+00
5.204040872658855399e+00
5.208093448332967945e+00
5.211134954198960223e+00
5.214504375394458435e+00
5.218008102246581181e+00
5.221200595233860930e+00
5.224457392987116755e+00
5.228241759394270716e+00
5.231465276215907956e+00
5.234647455819201767e+00
5.238200003877523159e+00
5.240710378906606515e+00
5.243876758934935545e+00
5.246663125494214874e+00
5.250278409790930745e+00
5.253749017138389377e+00
5.257823401058467461e+00
5.261283253632142554e+00
5.263594769435900211e+00
5.266768009866575007e+00
5.270335129379255967e+00
5.273520219011768262e+00
5.275956541374346997e+00
5.279149246592482747e+00
5.282894958226271420e+00
5.286375308184114274e+00
5.287994383244342345e+00
5.292549348886876892e+00
5.296542433855895737e+00
5.299289369093347801e+00
5.302738381991251693e+00
5.305873910517116876e+00
5.310730241321821588e+00
5.314545660858646769e+00
5.318793027384009164e+00
5.321672358221371191e+00
5.324722436514623070e+00
5.327146931417876985e+00
5.330568294925944528e+00
5.333196452844564561e+00
5.337442066782708494e+00
5.340183074261729779e+00
5.344208566278606298e+00
5.348109489840397579e+00
5.349914959483727195e+00
5.354873785826148591e+00
5.359552503004127111e+00
5.366149075805378033e+00
5.370087959699559654e+00
5.374320760064549063e+00
5.377523090519615856e+00
5.379651010369649988e+00
5.384188578975281914e+00
5.387068215061693088e+00
5.390412069880837542e+00
5.395948043432435171e+00
5.399161349047612468e+00
5.402510647320429626e+00
5.405746212002589424e+00
5.411027832377984126e+00
5.415311408743691324e+00
5.418467156625379033e+00
5.421513010309050529e+00
5.424458876169838462e+00
5.428099157054784740e+00
5.434828975813918106e+00
5.441913388118956973e+00
5.445679178052335700e+00
5.449695947426302922e+00
5.454103770410497987e+00
5.458301907232776529e+00
5.462850172447744512e+00
5.466535336738425954e+00
5.473233826085519560e+00
5.477935575093044740e+00
5.483661786542830541e+00
5.486403544327000503e+00
5.490042218415738695e+00
5.494875058019601965e+00
5.499008363351913786e+00
5.503672151701247905e+00
5.507505097152407103e+00
5.511798335581956643e+00
5.518353657191765294e+00
5.522647759396466682e+00
5.528692883321602025e+00
5.534238472659235519e+00
5.538167688967239322e+00
5.542601848953138344e+00
5.548887676357917798e+00
5.556608898795702522e+00
5.563385850663101984e+00
5.569347239578467779e+00
5.576751853560523386e+00
5.579954964210842583e+00
5.585570041910204786e+00
5.590537460066368425e+00
5.597006476468562752e+00
5.601895050709232216e+00
5.608293023571509828e+00
5.614828849748399797e+00
5.620932749135152839e+00
5.628785996192361196e+00
5.633915125379840738e+00
5.640674154059718504e+00
5.649732093975395664e+00
5.661359760765728666e+00
5.669366025071536086e+00
5.678517071192406895e+00
5.688365456930198683e+00
5.693005929869577209e+00
5.701462222178430572e+00
5.708777787526875258e+00
5.723642004263634675e+00
5.734875816456956876e+00
5.748211819414622781e+00
5.761240625517569214e+00
5.781908932894986641e+00
5.803626827144153566e+00
5.827488393132397526e+00
5.843704984343684572e+00
5.888588960223447799e+00
