Eigenvalues
-6.399999999999998579e+00
-6.375896339620403808e+00
-6.375896339620400255e+00
-6.375896339620400255e+00
-6.375896339620398479e+00
-6.351864702353665848e+00
-6.351864702353662295e+00
-6.351864702353660519e+00
-6.351864702353660519e+00
-6.303849443228747518e+00
-6.303849443228743965e+00
-6.303849443228743965e+00
-6.303849443228743965e+00
-6.280033086200276671e+00
-6.280033086200271342e+00
-6.280033086200271342e+00
-6.280033086200271342e+00
-6.280033086200267789e+00
-6.280033086200267789e+00
-6.280033086200267789e+00
-6.280033086200266013e+00
-6.208844952106344905e+00
-6.208844952106344905e+00
-6.208844952106343129e+00
-6.208844952106343129e+00
-6.184648671698679934e+00
-6.184648671698679934e+00
-6.184648671698676381e+00
-6.184648671698674605e+00
-6.161188493378547903e+00
-6.161188493378542574e+00
-6.161188493378542574e+00
-6.161188493378542574e+00
-6.161188493378540798e+00
-6.161188493378540798e+00
-6.161188493378540798e+00
-6.161188493378537245e+00
-6.091064993041175768e+00
-6.091064993041175768e+00
-6.091064993041175768e+00
-6.091064993041172215e+00
-6.091064993041172215e+00
-6.091064993041172215e+00
-6.091064993041170439e+00
-6.091064993041170439e+00
-6.019600013627444568e+00
-6.019600013627444568e+00
-6.019600013627444568e+00
-6.019600013627442792e+00
-5.996633010117260909e+00
-5.996633010117260909e+00
-5.996633010117260909e+00
-5.996633010117260909e+00
-5.996633010117259133e+00
-5.996633010117258245e+00
-5.996633010117258245e+00
-5.996633010117258245e+00
-5.975046458430551155e+00
-5.975046458430550267e+00
-5.975046458430550267e+00
-5.975046458430550267e+00
-5.927983630883318256e+00
-5.927983630883318256e+00
-5.927983630883318256e+00
-5.927983630883316479e+00
-5.927983630883316479e+00
-5.927983630883315591e+00
-5.927983630883315591e+00
-5.927983630883315591e+00
-5.814404012890315165e+00
-5.814404012890313389e+00
-5.814404012890311613e+00
-5.814404012890311613e+00
-5.814404012890311613e+00
-5.814404012890310725e+00
-5.814404012890308060e+00
-5.814404012890308060e+00
-5.810511776651529736e+00
-5.810511776651529736e+00
-5.810511776651529736e+00
-5.810511776651529736e+00
-5.788169540726483042e+00
-5.788169540726483042e+00
-5.788169540726482154e+00
-5.788169540726482154e+00
-5.788169540726482154e+00
-5.788169540726480378e+00
-5.788169540726480378e+00
-5.788169540726477713e+00
-5.721387619163550653e+00
-5.721387619163548877e+00
-5.721387619163547988e+00
-5.721387619163546212e+00
-5.721387619163546212e+00
-5.721387619163546212e+00
-5.721387619163544436e+00
-5.721387619163544436e+00
-5.657138558201035394e+00
-5.657138558201032730e+00
-5.657138558201032730e+00
-5.657138558201032730e+00
-5.610897688670383410e+00
-5.610897688670380745e+00
-5.610897688670379857e+00
-5.610897688670379857e+00
-5.610897688670379857e+00
-5.610897688670378081e+00
-5.610897688670378081e+00
-5.610897688670378081e+00
-5.559674775249769496e+00
-5.559674775249768608e+00
-5.559674775249768608e+00
-5.559674775249766832e+00
-5.538082054600644177e+00
-5.538082054600642401e+00
-5.538082054600642401e+00
-5.538082054600641513e+00
-5.538082054600639736e+00
-5.538082054600639736e+00
-5.538082054600638848e+00
-5.538082054600637072e+00
-5.473540467019258671e+00
-5.473540467019258671e+00
-5.473540467019257783e+00
-5.473540467019256006e+00
-5.473540467019256006e+00
-5.473540467019256006e+00
-5.473540467019256006e+00
-5.473540467019256006e+00
-5.457910300046978413e+00
-5.457910300046976637e+00
-5.457910300046973973e+00
-5.457910300046973973e+00
-5.457910300046973973e+00
-5.457910300046973084e+00
-5.457910300046973084e+00
-5.457910300046973084e+00
-5.366757143645357608e+00
-5.366757143645355832e+00
-5.366757143645355832e+00
-5.366757143645355832e+00
-5.366757143645354056e+00
-5.366757143645353167e+00
-5.366757143645353167e+00
-5.366757143645351391e+00
-5.269837232100537783e+00
-5.269837232100537783e+00
-5.269837232100536006e+00
-5.269837232100535118e+00
-5.264101615137755985e+00
-5.264101615137755097e+00
-5.264101615137755097e+00
-5.264101615137755097e+00
-5.249110562571905447e+00
-5.249110562571903671e+00
-5.249110562571902783e+00
-5.249110562571902783e+00
-5.249110562571902783e+00
-5.249110562571902783e+00
-5.249110562571902783e+00
-5.249110562571901006e+00
-5.218902024915666793e+00
-5.218902024915666793e+00
-5.218902024915665905e+00
-5.218902024915664128e+00
-5.218902024915664128e+00
-5.218902024915663240e+00
-5.218902024915663240e+00
-5.218902024915661464e+00
-5.187157639714697233e+00
-5.187157639714693680e+00
-5.187157639714693680e+00
-5.187157639714693680e+00
-5.187157639714693680e+00
-5.187157639714691904e+00
-5.187157639714691904e+00
-5.187157639714691904e+00
-5.084657232716219610e+00
-5.084657232716216946e+00
-5.084657232716216946e+00
-5.084657232716216946e+00
-5.084657232716216946e+00
-5.084657232716216058e+00
-5.084657232716213393e+00
-5.084657232716213393e+00
-5.031595042451662891e+00
-5.031595042451662003e+00
-5.031595042451662003e+00
-5.031595042451662003e+00
-5.031595042451660227e+00
-5.031595042451660227e+00
-5.031595042451660227e+00
-5.031595042451656674e+00
-4.944174667978979087e+00
-4.944174667978976423e+00
-4.944174667978976423e+00
-4.944174667978974647e+00
-4.942732357485136951e+00
-4.942732357485136951e+00
-4.942732357485136063e+00
-4.942732357485136063e+00
-4.942732357485136063e+00
-4.942732357485134287e+00
-4.942732357485134287e+00
-4.942732357485134287e+00
-4.924421096778105245e+00
-4.924421096778105245e+00
-4.924421096778105245e+00
-4.924421096778103468e+00
-4.924421096778103468e+00
-4.924421096778103468e+00
-4.924421096778102580e+00
-4.924421096778100804e+00
-4.865376807435265682e+00
-4.865376807435265682e+00
-4.865376807435265682e+00
-4.865376807435263906e+00
-4.865376807435263906e+00
-4.865376807435263906e+00
-4.865376807435263906e+00
-4.865376807435263906e+00
-4.806888370749727635e+00
-4.806888370749727635e+00
-4.806888370749724970e+00
-4.806888370749722306e+00
-4.767688701540310880e+00
-4.767688701540310880e+00
-4.767688701540310880e+00
-4.767688701540310880e+00
-4.767688701540309104e+00
-4.767688701540309104e+00
-4.767688701540309104e+00
-4.767688701540309104e+00
-4.762937972654170515e+00
-4.762937972654170515e+00
-4.762937972654170515e+00
-4.762937972654168739e+00
-4.762937972654168739e+00
-4.762937972654168739e+00
-4.762937972654168739e+00
-4.762937972654166074e+00
-4.632427070423978499e+00
-4.632427070423978499e+00
-4.632427070423978499e+00
-4.632427070423978499e+00
-4.632427070423977611e+00
-4.632427070423975835e+00
-4.632427070423975835e+00
-4.632427070423974946e+00
-4.586255110086882247e+00
-4.586255110086880471e+00
-4.586255110086880471e+00
-4.586255110086880471e+00
-4.567571022952124693e+00
-4.567571022952122917e+00
-4.567571022952122028e+00
-4.567571022952122028e+00
-4.567571022952122028e+00
-4.567571022952120252e+00
-4.567571022952120252e+00
-4.567571022952120252e+00
-4.547243943127925014e+00
-4.547243943127922350e+00
-4.547243943127922350e+00
-4.547243943127921462e+00
-4.547243943127921462e+00
-4.547243943127921462e+00
-4.547243943127919685e+00
-4.547243943127919685e+00
-4.511723468316392704e+00
-4.511723468316392704e+00
-4.511723468316391816e+00
-4.511723468316391816e+00
-4.511723468316390040e+00
-4.511723468316390040e+00
-4.511723468316389152e+00
-4.511723468316389152e+00
-4.461073868822092336e+00
-4.461073868822090560e+00
-4.461073868822089672e+00
-4.461073868822089672e+00
-4.461073868822089672e+00
-4.461073868822089672e+00
-4.461073868822087896e+00
-4.461073868822087896e+00
-4.419324323675128952e+00
-4.419324323675128063e+00
-4.419324323675128063e+00
-4.419324323675128063e+00
-4.419324323675126287e+00
-4.419324323675126287e+00
-4.419324323675126287e+00
-4.419324323675125399e+00
-4.298013457830761830e+00
-4.298013457830761830e+00
-4.298013457830760053e+00
-4.298013457830759165e+00
-4.291385933392787067e+00
-4.291385933392786178e+00
-4.291385933392786178e+00
-4.291385933392786178e+00
-4.291385933392784402e+00
-4.291385933392784402e+00
-4.291385933392784402e+00
-4.291385933392784402e+00
-4.255506478269363235e+00
-4.255506478269363235e+00
-4.255506478269363235e+00
-4.255506478269362347e+00
-4.255506478269362347e+00
-4.255506478269360571e+00
-4.255506478269360571e+00
-4.255506478269359683e+00
-4.200000000000000178e+00
-4.200000000000000178e+00
-4.200000000000000178e+00
-4.199999999999997513e+00
-4.182470065178476304e+00
-4.182470065178475416e+00
-4.182470065178475416e+00
-4.182470065178475416e+00
-4.182470065178475416e+00
-4.182470065178473639e+00
-4.182470065178473639e+00
-4.182470065178472751e+00
-4.130072322348180336e+00
-4.130072322348179448e+00
-4.130072322348177671e+00
-4.130072322348177671e+00
-4.130072322348177671e+00
-4.130072322348177671e+00
-4.130072322348177671e+00
-4.130072322348176783e+00
-4.129310017246131004e+00
-4.129310017246129227e+00
-4.129310017246129227e+00
-4.129310017246129227e+00
-4.129310017246129227e+00
-4.129310017246128339e+00
-4.129310017246128339e+00
-4.129310017246126563e+00
-4.043380852144493609e+00
-4.043380852144491833e+00
-4.043380852144491833e+00
-4.043380852144491833e+00
-4.043380852144491833e+00
-4.043380852144491833e+00
-4.043380852144491833e+00
-4.043380852144489168e+00
-4.017977138114435576e+00
-4.017977138114433799e+00
-4.017977138114432911e+00
-4.017977138114432911e+00
-4.017977138114432911e+00
-4.017977138114432911e+00
-4.017977138114432911e+00
-4.017977138114431135e+00
-3.934872312889027057e+00
-3.934872312889027057e+00
-3.934872312889025281e+00
-3.934872312889025281e+00
-3.934872312889025281e+00
-3.934872312889024393e+00
-3.934872312889024393e+00
-3.934872312889024393e+00
-3.923345464456325260e+00
-3.923345464456323484e+00
-3.923345464456323484e+00
-3.923345464456323484e+00
-3.923345464456323484e+00
-3.923345464456321707e+00
-3.923345464456321707e+00
-3.923345464456320819e+00
-3.789641229533521560e+00
-3.789641229533521560e+00
-3.789641229533521560e+00
-3.789641229533519784e+00
-3.773337470138087291e+00
-3.773337470138084626e+00
-3.773337470138084626e+00
-3.773337470138084626e+00
-3.773337470138084626e+00
-3.773337470138084626e+00
-3.773337470138083738e+00
-3.773337470138083738e+00
-3.771281292110204575e+00
-3.771281292110204575e+00
-3.771281292110204575e+00
-3.771281292110204575e+00
-3.771281292110203687e+00
-3.771281292110203687e+00
-3.771281292110203687e+00
-3.771281292110203687e+00
-3.751088269514250229e+00
-3.751088269514249340e+00
-3.751088269514247564e+00
-3.751088269514247564e+00
-3.724604819351491791e+00
-3.724604819351491791e+00
-3.724604819351491791e+00
-3.724604819351491791e+00
-3.724604819351490903e+00
-3.724604819351490903e+00
-3.724604819351490903e+00
-3.724604819351489127e+00
-3.710203120499119045e+00
-3.710203120499119045e+00
-3.710203120499118157e+00
-3.710203120499118157e+00
-3.710203120499116380e+00
-3.710203120499116380e+00
-3.710203120499116380e+00
-3.710203120499116380e+00
-3.643977202293722684e+00
-3.643977202293720907e+00
-3.643977202293720907e+00
-3.643977202293720907e+00
-3.643977202293720907e+00
-3.643977202293720907e+00
-3.643977202293720907e+00
-3.643977202293720019e+00
-3.588854381999832199e+00
-3.588854381999832199e+00
-3.588854381999832199e+00
-3.588854381999832199e+00
-3.588854381999832199e+00
-3.588854381999830423e+00
-3.588854381999830423e+00
-3.588854381999830423e+00
-3.532337992009678018e+00
-3.532337992009676242e+00
-3.532337992009676242e+00
-3.532337992009676242e+00
-3.532337992009674466e+00
-3.532337992009674466e+00
-3.532337992009674466e+00
-3.532337992009674466e+00
-3.457763962763282350e+00
-3.457763962763282350e+00
-3.457763962763280574e+00
-3.457763962763279686e+00
-3.457763962763279686e+00
-3.457763962763279686e+00
-3.457763962763277910e+00
-3.457763962763277021e+00
-3.390910331049231452e+00
-3.390910331049231452e+00
-3.390910331049229676e+00
-3.390910331049229676e+00
-3.390910331049229676e+00
-3.390910331049229676e+00
-3.390910331049229676e+00
-3.390910331049228787e+00
-3.378063441527663358e+00
-3.378063441527661581e+00
-3.378063441527661581e+00
-3.378063441527660693e+00
-3.378063441527660693e+00
-3.378063441527660693e+00
-3.378063441527660693e+00
-3.378063441527660693e+00
-3.359674775249768430e+00
-3.359674775249768430e+00
-3.359674775249767542e+00
-3.359674775249767542e+00
-3.344655780158713121e+00
-3.344655780158713121e+00
-3.344655780158713121e+00
-3.344655780158713121e+00
-3.344655780158713121e+00
-3.344655780158711345e+00
-3.344655780158711345e+00
-3.344655780158711345e+00
-3.299763346138691489e+00
-3.299763346138691489e+00
-3.299763346138691489e+00
-3.299763346138691489e+00
-3.299763346138691489e+00
-3.299763346138689712e+00
-3.299763346138688824e+00
-3.299763346138688824e+00
-3.225489324091171284e+00
-3.225489324091169507e+00
-3.225489324091169507e+00
-3.225489324091169507e+00
-3.225489324091169507e+00
-3.225489324091169507e+00
-3.225489324091169507e+00
-3.225489324091169507e+00
-3.221243730461512023e+00
-3.221243730461512023e+00
-3.221243730461510246e+00
-3.221243730461510246e+00
-3.221243730461510246e+00
-3.221243730461510246e+00
-3.221243730461509358e+00
-3.221243730461507582e+00
-3.180320615919955962e+00
-3.180320615919955962e+00
-3.180320615919954186e+00
-3.180320615919954186e+00
-3.141217940348347781e+00
-3.141217940348347781e+00
-3.141217940348346893e+00
-3.141217940348346893e+00
-3.141217940348346893e+00
-3.141217940348346893e+00
-3.141217940348346893e+00
-3.141217940348345117e+00
-3.122647475744543932e+00
-3.122647475744542156e+00
-3.122647475744542156e+00
-3.122647475744542156e+00
-3.122647475744542156e+00
-3.122647475744542156e+00
-3.122647475744542156e+00
-3.122647475744541268e+00
-3.025197093027575335e+00
-3.025197093027574446e+00
-3.025197093027574446e+00
-3.025197093027574446e+00
-3.025197093027572670e+00
-3.025197093027572670e+00
-3.025197093027572670e+00
-3.025197093027572670e+00
-2.992364557910335066e+00
-2.992364557910334177e+00
-2.992364557910334177e+00
-2.992364557910334177e+00
-2.992364557910334177e+00
-2.992364557910334177e+00
-2.992364557910334177e+00
-2.992364557910332401e+00
-2.914811439598142151e+00
-2.914811439598142151e+00
-2.914811439598140375e+00
-2.914811439598140375e+00
-2.901121721543187704e+00
-2.901121721543187704e+00
-2.901121721543187704e+00
-2.901121721543187704e+00
-2.901121721543185927e+00
-2.901121721543185927e+00
-2.901121721543185927e+00
-2.901121721543185039e+00
-2.880912807335914039e+00
-2.880912807335914039e+00
-2.880912807335914039e+00
-2.880912807335914039e+00
-2.880912807335913151e+00
-2.880912807335913151e+00
-2.880912807335913151e+00
-2.880912807335913151e+00
-2.860202554794091689e+00
-2.860202554794091689e+00
-2.860202554794091689e+00
-2.860202554794089913e+00
-2.860202554794089913e+00
-2.860202554794089913e+00
-2.860202554794089025e+00
-2.860202554794089025e+00
-2.836067977499791226e+00
-2.836067977499791226e+00
-2.836067977499789450e+00
-2.836067977499789450e+00
-2.836067977499789450e+00
-2.836067977499789450e+00
-2.836067977499789450e+00
-2.836067977499788562e+00
-2.804918346732542034e+00
-2.804918346732542034e+00
-2.804918346732542034e+00
-2.804918346732541146e+00
-2.804918346732539369e+00
-2.804918346732539369e+00
-2.804918346732539369e+00
-2.804918346732539369e+00
-2.792502258304642382e+00
-2.792502258304642382e+00
-2.792502258304642382e+00
-2.792502258304642382e+00
-2.792502258304640606e+00
-2.792502258304640606e+00
-2.792502258304640606e+00
-2.792502258304640606e+00
-2.698762570690378837e+00
-2.698762570690378837e+00
-2.698762570690377949e+00
-2.698762570690377949e+00
-2.698762570690377949e+00
-2.698762570690376172e+00
-2.698762570690376172e+00
-2.698762570690376172e+00
-2.655470152555051477e+00
-2.655470152555050589e+00
-2.655470152555048813e+00
-2.655470152555048813e+00
-2.655470152555047925e+00
-2.655470152555047925e+00
-2.655470152555047925e+00
-2.655470152555046148e+00
-2.600000000000001421e+00
-2.600000000000000533e+00
-2.600000000000000533e+00
-2.600000000000000533e+00
-2.580010523585090532e+00
-2.580010523585090532e+00
-2.580010523585089643e+00
-2.580010523585089643e+00
-2.580010523585087867e+00
-2.580010523585087867e+00
-2.580010523585087867e+00
-2.580010523585087867e+00
-2.562820911617115449e+00
-2.562820911617114561e+00
-2.562820911617112785e+00
-2.562820911617112785e+00
-2.562820911617112785e+00
-2.562820911617112785e+00
-2.562820911617112785e+00
-2.562820911617111896e+00
-2.459925238377676848e+00
-2.459925238377675072e+00
-2.459925238377675072e+00
-2.459925238377674184e+00
-2.452549750638732817e+00
-2.452549750638732817e+00
-2.452549750638732817e+00
-2.452549750638732817e+00
-2.452549750638732817e+00
-2.452549750638731041e+00
-2.452549750638731041e+00
-2.452549750638731041e+00
-2.447594746253165532e+00
-2.447594746253165532e+00
-2.447594746253165532e+00
-2.447594746253164644e+00
-2.447594746253164644e+00
-2.447594746253164644e+00
-2.447594746253164644e+00
-2.447594746253162867e+00
-2.437547189267327497e+00
-2.437547189267327497e+00
-2.437547189267325720e+00
-2.437547189267325720e+00
-2.437547189267325720e+00
-2.437547189267325720e+00
-2.437547189267324832e+00
-2.437547189267323056e+00
-2.410738365331671851e+00
-2.410738365331671851e+00
-2.410738365331671851e+00
-2.410738365331671851e+00
-2.410738365331670963e+00
-2.410738365331670963e+00
-2.410738365331670963e+00
-2.410738365331669186e+00
-2.349759901835264841e+00
-2.349759901835263065e+00
-2.349759901835263065e+00
-2.349759901835263065e+00
-2.349759901835263065e+00
-2.349759901835263065e+00
-2.349759901835262177e+00
-2.349759901835262177e+00
-2.301557257842562265e+00
-2.301557257842562265e+00
-2.301557257842562265e+00
-2.301557257842560489e+00
-2.301557257842560489e+00
-2.301557257842560489e+00
-2.301557257842559601e+00
-2.301557257842559601e+00
-2.272933425840246713e+00
-2.272933425840244936e+00
-2.272933425840244936e+00
-2.272933425840244936e+00
-2.272933425840244048e+00
-2.272933425840244048e+00
-2.272933425840242272e+00
-2.272933425840242272e+00
-2.265327448570571889e+00
-2.265327448570571889e+00
-2.265327448570571889e+00
-2.265327448570571889e+00
-2.265327448570571889e+00
-2.265327448570571889e+00
-2.265327448570571889e+00
-2.265327448570570112e+00
-2.229530010138058849e+00
-2.229530010138058849e+00
-2.229530010138058849e+00
-2.229530010138057072e+00
-2.229530010138057072e+00
-2.229530010138056184e+00
-2.229530010138056184e+00
-2.229530010138056184e+00
-2.158366065164193159e+00
-2.158366065164193159e+00
-2.158366065164193159e+00
-2.158366065164193159e+00
-2.158366065164191383e+00
-2.158366065164191383e+00
-2.158366065164191383e+00
-2.158366065164191383e+00
-2.087972776143594444e+00
-2.087972776143594444e+00
-2.087972776143594444e+00
-2.087972776143593556e+00
-2.087972776143593556e+00
-2.087972776143593556e+00
-2.087972776143593556e+00
-2.087972776143591780e+00
-2.030047642915833173e+00
-2.030047642915832284e+00
-2.030047642915832284e+00
-2.030047642915832284e+00
-2.030047642915832284e+00
-2.030047642915830508e+00
-2.030047642915830508e+00
-2.030047642915829620e+00
-2.023989844672573035e+00
-2.023989844672571259e+00
-2.023989844672571259e+00
-2.023989844672568594e+00
-2.000000000000000444e+00
-2.000000000000000444e+00
-2.000000000000000444e+00
-2.000000000000000444e+00
-1.989043790736547468e+00
-1.989043790736547468e+00
-1.989043790736546136e+00
-1.989043790736546136e+00
-1.989043790736546136e+00
-1.989043790736546136e+00
-1.989043790736546136e+00
-1.989043790736546136e+00
-1.988854381999833443e+00
-1.988854381999831888e+00
-1.988854381999831888e+00
-1.988854381999831888e+00
-1.988854381999831888e+00
-1.988854381999831888e+00
-1.988854381999830556e+00
-1.988854381999829224e+00
-1.956295201467612488e+00
-1.956295201467611156e+00
-1.956295201467611156e+00
-1.956295201467611156e+00
-1.956295201467611156e+00
-1.956295201467611156e+00
-1.956295201467609823e+00
-1.956295201467609823e+00
-1.902113032590307951e+00
-1.902113032590307951e+00
-1.902113032590307951e+00
-1.902113032590306618e+00
-1.902113032590306618e+00
-1.902113032590306618e+00
-1.902113032590306618e+00
-1.902113032590306618e+00
-1.884691707760957069e+00
-1.884691707760957069e+00
-1.884691707760957069e+00
-1.884691707760957069e+00
-1.884691707760955737e+00
-1.884691707760955737e+00
-1.884691707760955737e+00
-1.884691707760955737e+00
-1.881778065312002424e+00
-1.881778065312001091e+00
-1.881778065312001091e+00
-1.881778065312001091e+00
-1.881778065312001091e+00
-1.881778065311999759e+00
-1.881778065311999759e+00
-1.881778065311999759e+00
-1.827090915285202843e+00
-1.827090915285202843e+00
-1.827090915285202843e+00
-1.827090915285202843e+00
-1.827090915285201289e+00
-1.827090915285201289e+00
-1.827090915285201289e+00
-1.827090915285201289e+00
-1.733159758770551173e+00
-1.733159758770549841e+00
-1.733159758770549841e+00
-1.733159758770549841e+00
-1.733159758770549841e+00
-1.733159758770549841e+00
-1.733159758770549841e+00
-1.733159758770548509e+00
-1.732050807568878303e+00
-1.732050807568878303e+00
-1.732050807568876971e+00
-1.732050807568876971e+00
-1.732050807568876971e+00
-1.732050807568876971e+00
-1.732050807568876971e+00
-1.732050807568875639e+00
-1.715181804872332405e+00
-1.715181804872331073e+00
-1.715181804872329741e+00
-1.715181804872329741e+00
-1.715181804872329741e+00
-1.715181804872329741e+00
-1.715181804872329741e+00
-1.715181804872328408e+00
-1.665317410616831362e+00
-1.665317410616831362e+00
-1.665317410616831362e+00
-1.665317410616830029e+00
-1.665317410616830029e+00
-1.665317410616830029e+00
-1.665317410616828697e+00
-1.665317410616827365e+00
-1.618033988749897345e+00
-1.618033988749895791e+00
-1.618033988749895791e+00
-1.618033988749895791e+00
-1.618033988749894458e+00
-1.618033988749894458e+00
-1.618033988749892904e+00
-1.618033988749892904e+00
-1.540074761622325594e+00
-1.540074761622325594e+00
-1.540074761622324262e+00
-1.540074761622322930e+00
-1.532084125088707394e+00
-1.532084125088707394e+00
-1.532084125088707394e+00
-1.532084125088707394e+00
-1.532084125088706061e+00
-1.532084125088706061e+00
-1.532084125088706061e+00
-1.532084125088706061e+00
-1.530492835219928516e+00
-1.530492835219928516e+00
-1.530492835219928516e+00
-1.530492835219928516e+00
-1.530492835219928516e+00
-1.530492835219928516e+00
-1.530492835219928516e+00
-1.530492835219928516e+00
-1.501852037603552459e+00
-1.501852037603552459e+00
-1.501852037603552459e+00
-1.501852037603550905e+00
-1.501852037603550905e+00
-1.501852037603550905e+00
-1.501852037603550905e+00
-1.501852037603549572e+00
-1.486289650954789154e+00
-1.486289650954789154e+00
-1.486289650954789154e+00
-1.486289650954789154e+00
-1.486289650954789154e+00
-1.486289650954787822e+00
-1.486289650954787822e+00
-1.486289650954787822e+00
-1.465247584249854240e+00
-1.465247584249852908e+00
-1.465247584249851576e+00
-1.465247584249851576e+00
-1.454466163345352170e+00
-1.454466163345352170e+00
-1.454466163345352170e+00
-1.454466163345350838e+00
-1.454466163345350838e+00
-1.454466163345350838e+00
-1.454466163345350838e+00
-1.454466163345350838e+00
-1.432253395417750541e+00
-1.432253395417749209e+00
-1.432253395417749209e+00
-1.432253395417749209e+00
-1.432253395417749209e+00
-1.432253395417747877e+00
-1.432253395417747877e+00
-1.432253395417747877e+00
-1.388854381999833132e+00
-1.388854381999831800e+00
-1.388854381999831800e+00
-1.388854381999831800e+00
-1.388854381999831800e+00
-1.388854381999831800e+00
-1.388854381999830467e+00
-1.388854381999830467e+00
-1.338261212717717585e+00
-1.338261212717717585e+00
-1.338261212717716253e+00
-1.338261212717716253e+00
-1.338261212717716253e+00
-1.338261212717716253e+00
-1.338261212717716253e+00
-1.338261212717714921e+00
-1.334491082456491062e+00
-1.334491082456491062e+00
-1.334491082456491062e+00
-1.334491082456491062e+00
-1.334491082456491062e+00
-1.334491082456489730e+00
-1.334491082456489730e+00
-1.334491082456489730e+00
-1.305735549973563669e+00
-1.305735549973563669e+00
-1.305735549973563669e+00
-1.305735549973562337e+00
-1.305735549973562337e+00
-1.305735549973562337e+00
-1.305735549973562337e+00
-1.305735549973562337e+00
-1.206020334583959519e+00
-1.206020334583959519e+00
-1.206020334583959519e+00
-1.206020334583958187e+00
-1.206020334583958187e+00
-1.206020334583958187e+00
-1.206020334583958187e+00
-1.206020334583958187e+00
-1.188053160286015819e+00
-1.188053160286015819e+00
-1.188053160286015819e+00
-1.188053160286015819e+00
-1.188053160286015819e+00
-1.188053160286015819e+00
-1.188053160286014265e+00
-1.188053160286014265e+00
-1.175570504584948273e+00
-1.175570504584946940e+00
-1.175570504584946940e+00
-1.175570504584946940e+00
-1.175570504584946940e+00
-1.175570504584946940e+00
-1.175570504584945608e+00
-1.175570504584945608e+00
-1.124567547699766079e+00
-1.124567547699766079e+00
-1.124567547699766079e+00
-1.124567547699764747e+00
-1.124567547699764747e+00
-1.124567547699764747e+00
-1.124567547699764747e+00
-1.124567547699764747e+00
-1.090801236597577661e+00
-1.090801236597576329e+00
-1.090801236597576329e+00
-1.090801236597576329e+00
-1.090801236597576329e+00
-1.090801236597576329e+00
-1.090801236597576329e+00
-1.090801236597574997e+00
-1.085188560401859403e+00
-1.085188560401859403e+00
-1.085188560401859403e+00
-1.085188560401858071e+00
-1.076965859929909231e+00
-1.076965859929909231e+00
-1.076965859929907898e+00
-1.076965859929907898e+00
-1.076965859929906566e+00
-1.076965859929906566e+00
-1.076965859929906566e+00
-1.076965859929906566e+00
-1.052387848141133508e+00
-1.052387848141133508e+00
-1.052387848141132176e+00
-1.052387848141132176e+00
-1.052387848141132176e+00
-1.052387848141132176e+00
-1.052387848141132176e+00
-1.052387848141130844e+00
-1.011723806875973741e+00
-1.011723806875973741e+00
-1.011723806875972409e+00
-1.011723806875972409e+00
-1.011723806875972409e+00
-1.011723806875972409e+00
-1.011723806875972409e+00
-1.011723806875972409e+00
-1.000000000000001110e+00
-1.000000000000001110e+00
-1.000000000000001110e+00
-9.999999999999997780e-01
-9.999999999999997780e-01
-9.999999999999997780e-01
-9.999999999999997780e-01
-9.999999999999984457e-01
-9.613406205631029877e-01
-9.613406205631029877e-01
-9.613406205631029877e-01
-9.613406205631016554e-01
-9.613406205631016554e-01
-9.613406205631016554e-01
-9.613406205631016554e-01
-9.613406205631016554e-01
-9.554192598800281822e-01
-9.554192598800281822e-01
-9.554192598800266278e-01
-9.554192598800266278e-01
-9.554192598800266278e-01
-9.554192598800266278e-01
-9.554192598800266278e-01
-9.554192598800252956e-01
-9.353922140999173518e-01
-9.353922140999160195e-01
-9.353922140999160195e-01
-9.353922140999160195e-01
-9.046134869946476087e-01
-9.046134869946476087e-01
-9.046134869946476087e-01
-9.046134869946476087e-01
-9.046134869946476087e-01
-9.046134869946476087e-01
-9.046134869946460544e-01
-9.046134869946460544e-01
-8.840910915526671854e-01
-8.840910915526671854e-01
-8.840910915526658531e-01
-8.840910915526658531e-01
-8.840910915526658531e-01
-8.840910915526658531e-01
-8.840910915526645208e-01
-8.840910915526631886e-01
-8.190568840811867091e-01
-8.190568840811867091e-01
-8.190568840811867091e-01
-8.190568840811867091e-01
-8.190568840811851548e-01
-8.190568840811851548e-01
-8.190568840811838225e-01
-8.190568840811838225e-01
-8.134732861516016378e-01
-8.134732861516016378e-01
-8.134732861516003055e-01
-8.134732861516003055e-01
-8.134732861516003055e-01
-8.134732861515989732e-01
-8.134732861515989732e-01
-8.134732861515989732e-01
-7.985207882324638629e-01
-7.985207882324638629e-01
-7.985207882324638629e-01
-7.985207882324638629e-01
-7.985207882324625306e-01
-7.985207882324625306e-01
-7.985207882324625306e-01
-7.985207882324625306e-01
-6.996458760693331502e-01
-6.996458760693331502e-01
-6.996458760693331502e-01
-6.996458760693331502e-01
-6.996458760693331502e-01
-6.996458760693331502e-01
-6.996458760693318180e-01
-6.996458760693318180e-01
-6.770387630585696925e-01
-6.770387630585696925e-01
-6.770387630585696925e-01
-6.770387630585696925e-01
-6.770387630585696925e-01
-6.770387630585683603e-01
-6.770387630585683603e-01
-6.770387630585683603e-01
-6.655089175435091597e-01
-6.655089175435091597e-01
-6.655089175435091597e-01
-6.655089175435091597e-01
-6.655089175435091597e-01
-6.655089175435091597e-01
-6.655089175435078275e-01
-6.655089175435078275e-01
-6.403252247502315697e-01
-6.403252247502315697e-01
-6.403252247502315697e-01
-6.403252247502302374e-01
-6.334318013143822590e-01
-6.334318013143809267e-01
-6.334318013143809267e-01
-6.334318013143795945e-01
-6.334318013143795945e-01
-6.334318013143795945e-01
-6.334318013143795945e-01
-6.334318013143782622e-01
-6.180339887498957907e-01
-6.180339887498957907e-01
-6.180339887498944584e-01
-6.180339887498944584e-01
-6.180339887498944584e-01
-6.180339887498944584e-01
-6.180339887498944584e-01
-6.180339887498944584e-01
-6.128270567965319326e-01
-6.128270567965319326e-01
-6.128270567965319326e-01
-6.128270567965319326e-01
-6.128270567965319326e-01
-6.128270567965306004e-01
-6.128270567965306004e-01
-6.128270567965292681e-01
-5.885496492918402822e-01
-5.885496492918402822e-01
-5.885496492918402822e-01
-5.885496492918402822e-01
-5.885496492918387279e-01
-5.885496492918387279e-01
-5.885496492918387279e-01
-5.885496492918387279e-01
-5.787367410894450614e-01
-5.787367410894450614e-01
-5.787367410894450614e-01
-5.787367410894450614e-01
-5.787367410894450614e-01
-5.787367410894437292e-01
-5.787367410894437292e-01
-5.787367410894437292e-01
-5.315343548258615325e-01
-5.315343548258615325e-01
-5.315343548258615325e-01
-5.315343548258615325e-01
-5.315343548258615325e-01
-5.315343548258599782e-01
-5.315343548258599782e-01
-5.315343548258599782e-01
-5.023790246034365303e-01
-5.023790246034365303e-01
-5.023790246034365303e-01
-5.023790246034365303e-01
-5.023790246034351981e-01
-5.023790246034351981e-01
-5.023790246034351981e-01
-5.023790246034336437e-01
-4.717370572274216523e-01
-4.717370572274216523e-01
-4.717370572274203200e-01
-4.717370572274203200e-01
-4.717370572274203200e-01
-4.717370572274203200e-01
-4.717370572274203200e-01
-4.717370572274188767e-01
-4.664493014089368117e-01
-4.664493014089368117e-01
-4.664493014089368117e-01
-4.664493014089368117e-01
-4.664493014089368117e-01
-4.664493014089354794e-01
-4.664493014089354794e-01
-4.664493014089354794e-01
-4.443367321900482114e-01
-4.443367321900468792e-01
-4.443367321900468792e-01
-4.443367321900468792e-01
-4.158233816355189072e-01
-4.158233816355189072e-01
-4.158233816355189072e-01
-4.158233816355189072e-01
-4.158233816355189072e-01
-4.158233816355175749e-01
-4.158233816355175749e-01
-4.158233816355175749e-01
-4.000000000000020206e-01
-4.000000000000006883e-01
-4.000000000000006883e-01
-4.000000000000006883e-01
-4.000000000000006883e-01
-3.999999999999992450e-01
-3.999999999999992450e-01
-3.999999999999992450e-01
-3.346825893831718579e-01
-3.346825893831705256e-01
-3.346825893831705256e-01
-3.346825893831705256e-01
-3.346825893831705256e-01
-3.346825893831705256e-01
-3.346825893831691934e-01
-3.346825893831691934e-01
-3.314544905051426404e-01
-3.314544905051426404e-01
-3.314544905051426404e-01
-3.314544905051426404e-01
-3.314544905051413082e-01
-3.314544905051413082e-01
-3.314544905051413082e-01
-3.314544905051413082e-01
-3.171091493545284967e-01
-3.171091493545270534e-01
-3.171091493545270534e-01
-3.171091493545270534e-01
-3.171091493545270534e-01
-3.171091493545270534e-01
-3.171091493545270534e-01
-3.171091493545257212e-01
-2.239726747967016873e-01
-2.239726747967016873e-01
-2.239726747967002995e-01
-2.239726747967002995e-01
-2.239726747967002995e-01
-2.239726747967002995e-01
-2.239726747967002995e-01
-2.239726747966989673e-01
-2.103587704664790503e-01
-2.103587704664790503e-01
-2.103587704664790503e-01
-2.103587704664790503e-01
-2.090569265353078299e-01
-2.090569265353064976e-01
-2.090569265353064976e-01
-2.090569265353064976e-01
-2.090569265353064976e-01
-2.090569265353064976e-01
-2.090569265353064976e-01
-2.090569265353051098e-01
-2.047501113350099766e-01
-2.047501113350099766e-01
-2.047501113350099766e-01
-2.047501113350099766e-01
-2.047501113350085888e-01
-2.047501113350085888e-01
-2.047501113350085888e-01
-2.047501113350085888e-01
-1.946931768854534561e-01
-1.946931768854534561e-01
-1.946931768854534561e-01
-1.946931768854521239e-01
-1.946931768854521239e-01
-1.946931768854521239e-01
-1.946931768854521239e-01
-1.946931768854521239e-01
-1.879855835837336842e-01
-1.879855835837323519e-01
-1.879855835837323519e-01
-1.879855835837323519e-01
-1.879855835837323519e-01
-1.879855835837323519e-01
-1.879855835837309641e-01
-1.879855835837309641e-01
-1.602488628868928289e-01
-1.602488628868928289e-01
-1.602488628868928289e-01
-1.602488628868928289e-01
-1.602488628868928289e-01
-1.602488628868928289e-01
-1.602488628868914966e-01
-1.602488628868914966e-01
-1.546080002124679553e-01
-1.546080002124679553e-01
-1.546080002124679553e-01
-1.546080002124679553e-01
-1.546080002124679553e-01
-1.546080002124679553e-01
-1.546080002124679553e-01
-1.546080002124679553e-01
-1.218438385607301250e-01
-1.218438385607287650e-01
-1.218438385607287650e-01
-1.218438385607287650e-01
-1.218438385607287650e-01
-1.218438385607274049e-01
-1.218438385607274049e-01
-1.218438385607274049e-01
-1.216109990318358508e-01
-1.216109990318358508e-01
-1.216109990318344769e-01
-1.216109990318344769e-01
-1.216109990318344769e-01
-1.216109990318344769e-01
-1.216109990318344769e-01
-1.216109990318344769e-01
-7.319128408852505763e-02
-7.319128408852505763e-02
-7.319128408852505763e-02
-7.319128408852505763e-02
-7.319128408852505763e-02
-7.319128408852369760e-02
-7.319128408852369760e-02
-7.319128408852369760e-02
-4.801481721377619249e-02
-4.801481721377483247e-02
-4.801481721377483247e-02
-4.801481721377483247e-02
-4.801481721377483247e-02
-4.801481721377483247e-02
-4.801481721377483247e-02
-4.801481721377347245e-02
-1.482424703828005841e-02
-1.482424703828005841e-02
-1.482424703828005841e-02
-1.482424703827869839e-02
-1.482424703827869839e-02
-1.482424703827869839e-02
-1.482424703827869839e-02
-1.482424703827869839e-02
-1.114561800016886789e-02
-1.114561800016886789e-02
-1.114561800016886789e-02
-1.114561800016886789e-02
-1.114561800016886789e-02
-1.114561800016750787e-02
-1.114561800016750787e-02
-1.114561800016750787e-02
-1.550554943406708460e-15
-1.550554943406708460e-15
-1.893113900423045986e-16
-1.893113900423045986e-16
2.622287911943257943e-02
2.622287911943257943e-02
2.622287911943257943e-02
2.622287911943257943e-02
2.622287911943257943e-02
2.622287911943257943e-02
2.622287911943393945e-02
2.622287911943393945e-02
5.261779111799498587e-02
5.261779111799498587e-02
5.261779111799498587e-02
5.261779111799634590e-02
5.261779111799634590e-02
5.261779111799634590e-02
5.261779111799634590e-02
5.261779111799770592e-02
1.037454508288780802e-01
1.037454508288780802e-01
1.037454508288780802e-01
1.037454508288780802e-01
1.037454508288780802e-01
1.037454508288794403e-01
1.037454508288794403e-01
1.037454508288794403e-01
1.062131864673474396e-01
1.062131864673487996e-01
1.062131864673487996e-01
1.062131864673487996e-01
1.062131864673501597e-01
1.062131864673501597e-01
1.062131864673501597e-01
1.062131864673501597e-01
1.283959212971082509e-01
1.283959212971082509e-01
1.283959212971082509e-01
1.283959212971082509e-01
1.283959212971082509e-01
1.283959212971082509e-01
1.283959212971082509e-01
1.283959212971095831e-01
1.999999999999994560e-01
2.000000000000007883e-01
2.000000000000007883e-01
2.000000000000007883e-01
2.043824837053799803e-01
2.043824837053799803e-01
2.043824837053799803e-01
2.043824837053813681e-01
2.043824837053813681e-01
2.043824837053813681e-01
2.043824837053813681e-01
2.043824837053813681e-01
2.090569265353060535e-01
2.090569265353060535e-01
2.090569265353074413e-01
2.090569265353074413e-01
2.090569265353074413e-01
2.090569265353074413e-01
2.090569265353087736e-01
2.090569265353087736e-01
2.116799024472195145e-01
2.116799024472209023e-01
2.116799024472209023e-01
2.116799024472209023e-01
2.116799024472209023e-01
2.116799024472209023e-01
2.116799024472222346e-01
2.116799024472222346e-01
2.174819194129550270e-01
2.174819194129550270e-01
2.174819194129550270e-01
2.174819194129550270e-01
2.174819194129550270e-01
2.174819194129564148e-01
2.174819194129564148e-01
2.174819194129564148e-01
2.291796067500621592e-01
2.291796067500621592e-01
2.291796067500621592e-01
2.291796067500634915e-01
2.291796067500634915e-01
2.291796067500634915e-01
2.291796067500634915e-01
2.291796067500634915e-01
2.391547869638754320e-01
2.391547869638768198e-01
2.391547869638768198e-01
2.391547869638768198e-01
2.391547869638768198e-01
2.391547869638768198e-01
2.391547869638781521e-01
2.391547869638781521e-01
2.589249099879554761e-01
2.589249099879554761e-01
2.589249099879554761e-01
2.589249099879554761e-01
2.589249099879554761e-01
2.589249099879554761e-01
2.589249099879568083e-01
2.589249099879568083e-01
2.691636338859174638e-01
2.691636338859187960e-01
2.691636338859187960e-01
2.691636338859187960e-01
2.691636338859187960e-01
2.691636338859201283e-01
2.691636338859201283e-01
2.691636338859201283e-01
3.015572578425591566e-01
3.015572578425604888e-01
3.015572578425604888e-01
3.015572578425604888e-01
3.015572578425604888e-01
3.015572578425619321e-01
3.015572578425619321e-01
3.015572578425619321e-01
3.071796769724480791e-01
3.071796769724494114e-01
3.071796769724494114e-01
3.071796769724494114e-01
3.071796769724494114e-01
3.071796769724494114e-01
3.071796769724494114e-01
3.071796769724494114e-01
3.527864045000423943e-01
3.527864045000423943e-01
3.527864045000423943e-01
3.527864045000423943e-01
3.527864045000423943e-01
3.527864045000423943e-01
3.527864045000437265e-01
3.527864045000437265e-01
3.564063970149761174e-01
3.564063970149775606e-01
3.564063970149775606e-01
3.564063970149775606e-01
3.564063970149775606e-01
3.564063970149788929e-01
3.564063970149788929e-01
3.564063970149788929e-01
3.918909739511796664e-01
3.918909739511809986e-01
3.918909739511809986e-01
3.918909739511809986e-01
3.970432723693690935e-01
3.970432723693690935e-01
3.970432723693704258e-01
3.970432723693704258e-01
3.970432723693704258e-01
3.970432723693704258e-01
3.970432723693718691e-01
3.970432723693718691e-01
4.054841396180837165e-01
4.054841396180837165e-01
4.054841396180851598e-01
4.054841396180851598e-01
4.054841396180851598e-01
4.054841396180851598e-01
4.054841396180851598e-01
4.054841396180864921e-01
4.158233816355184631e-01
4.158233816355184631e-01
4.158233816355184631e-01
4.158233816355184631e-01
4.158233816355184631e-01
4.158233816355184631e-01
4.158233816355197954e-01
4.158233816355197954e-01
4.646955149129113893e-01
4.646955149129127216e-01
4.646955149129140539e-01
4.646955149129140539e-01
4.646955149129140539e-01
4.646955149129140539e-01
4.646955149129140539e-01
4.646955149129154972e-01
4.864996339240317269e-01
4.864996339240331702e-01
4.864996339240331702e-01
4.864996339240331702e-01
4.864996339240331702e-01
4.864996339240331702e-01
4.864996339240345025e-01
4.864996339240345025e-01
4.970917812707594807e-01
4.970917812707608130e-01
4.970917812707608130e-01
4.970917812707608130e-01
4.970917812707608130e-01
4.970917812707608130e-01
4.970917812707608130e-01
4.970917812707608130e-01
5.297717981660201580e-01
5.297717981660214903e-01
5.297717981660214903e-01
5.297717981660214903e-01
5.297717981660214903e-01
5.297717981660214903e-01
5.297717981660228226e-01
5.297717981660241549e-01
5.727218532830802289e-01
5.727218532830817832e-01
5.727218532830817832e-01
5.727218532830817832e-01
5.727218532830817832e-01
5.727218532830817832e-01
5.727218532830817832e-01
5.727218532830831155e-01
5.862551100868811371e-01
5.862551100868811371e-01
5.862551100868811371e-01
5.862551100868824694e-01
5.894834414790295352e-01
5.894834414790295352e-01
5.894834414790295352e-01
5.894834414790295352e-01
5.894834414790295352e-01
5.894834414790295352e-01
5.894834414790308674e-01
5.894834414790321997e-01
5.991330653811668405e-01
5.991330653811683948e-01
5.991330653811683948e-01
5.991330653811683948e-01
5.991330653811683948e-01
5.991330653811683948e-01
5.991330653811683948e-01
5.991330653811683948e-01
5.999999999999985345e-01
5.999999999999985345e-01
5.999999999999985345e-01
6.000000000000000888e-01
6.000000000000000888e-01
6.000000000000014211e-01
6.000000000000014211e-01
6.000000000000014211e-01
6.006066321467093960e-01
6.006066321467107283e-01
6.006066321467107283e-01
6.006066321467107283e-01
6.006066321467120606e-01
6.006066321467120606e-01
6.006066321467120606e-01
6.006066321467136149e-01
6.150982584945117182e-01
6.150982584945117182e-01
6.150982584945130505e-01
6.150982584945130505e-01
6.150982584945130505e-01
6.150982584945143827e-01
6.150982584945143827e-01
6.150982584945143827e-01
6.180339887498942364e-01
6.180339887498942364e-01
6.180339887498955687e-01
6.180339887498955687e-01
6.180339887498955687e-01
6.180339887498955687e-01
6.180339887498969009e-01
6.180339887498982332e-01
6.372041028223809356e-01
6.372041028223822678e-01
6.372041028223822678e-01
6.372041028223822678e-01
6.372041028223822678e-01
6.372041028223822678e-01
6.372041028223836001e-01
6.372041028223836001e-01
6.652084021083735088e-01
6.652084021083735088e-01
6.652084021083735088e-01
6.652084021083735088e-01
6.652084021083748411e-01
6.652084021083748411e-01
6.652084021083748411e-01
6.652084021083748411e-01
6.746106855393585455e-01
6.746106855393585455e-01
6.746106855393600998e-01
6.746106855393600998e-01
6.746106855393600998e-01
6.746106855393600998e-01
6.746106855393600998e-01
6.746106855393614321e-01
6.988043353892317011e-01
6.988043353892356979e-01
6.988043353892356979e-01
6.988043353892356979e-01
6.988043353892356979e-01
6.988043353892356979e-01
6.988043353892356979e-01
6.988043353892370302e-01
7.064536946291513075e-01
7.064536946291513075e-01
7.064536946291513075e-01
7.064536946291513075e-01
7.064536946291526398e-01
7.064536946291526398e-01
7.064536946291526398e-01
7.064536946291526398e-01
7.279013124421578329e-01
7.279013124421578329e-01
7.279013124421591652e-01
7.279013124421591652e-01
7.376238185895394039e-01
7.376238185895394039e-01
7.376238185895394039e-01
7.376238185895407362e-01
7.376238185895407362e-01
7.376238185895407362e-01
7.376238185895420685e-01
7.376238185895420685e-01
7.495683435757549695e-01
7.495683435757563018e-01
7.495683435757563018e-01
7.495683435757563018e-01
7.495683435757563018e-01
7.495683435757576341e-01
7.495683435757576341e-01
7.495683435757576341e-01
7.527864045000403070e-01
7.527864045000416393e-01
7.527864045000416393e-01
7.527864045000416393e-01
7.527864045000429716e-01
7.527864045000429716e-01
7.527864045000429716e-01
7.527864045000429716e-01
7.812415373278458475e-01
7.812415373278458475e-01
7.812415373278458475e-01
7.812415373278471797e-01
7.812415373278471797e-01
7.812415373278471797e-01
7.812415373278471797e-01
7.812415373278471797e-01
8.134732861516000835e-01
8.134732861516000835e-01
8.134732861516000835e-01
8.134732861516000835e-01
8.134732861516016378e-01
8.134732861516016378e-01
8.134732861516016378e-01
8.134732861516029701e-01
8.291796067500623035e-01
8.291796067500623035e-01
8.291796067500623035e-01
8.291796067500636358e-01
8.291796067500636358e-01
8.291796067500636358e-01
8.291796067500636358e-01
8.291796067500636358e-01
8.336706473457924371e-01
8.336706473457924371e-01
8.336706473457924371e-01
8.336706473457924371e-01
8.336706473457924371e-01
8.336706473457924371e-01
8.336706473457924371e-01
8.336706473457937694e-01
8.796615804848118003e-01
8.796615804848118003e-01
8.796615804848118003e-01
8.796615804848118003e-01
8.796615804848118003e-01
8.796615804848131326e-01
8.796615804848131326e-01
8.796615804848131326e-01
8.809128073359118183e-01
8.809128073359133726e-01
8.809128073359133726e-01
8.809128073359147049e-01
8.809128073359147049e-01
8.809128073359147049e-01
8.809128073359147049e-01
8.809128073359147049e-01
9.163772293858756246e-01
9.163772293858769569e-01
9.163772293858769569e-01
9.163772293858769569e-01
9.163772293858782891e-01
9.163772293858782891e-01
9.163772293858782891e-01
9.163772293858782891e-01
9.204928776740488594e-01
9.204928776740488594e-01
9.204928776740501917e-01
9.204928776740501917e-01
9.204928776740501917e-01
9.204928776740501917e-01
9.204928776740501917e-01
9.204928776740501917e-01
9.358743393139121736e-01
9.358743393139121736e-01
9.358743393139121736e-01
9.358743393139121736e-01
9.358743393139121736e-01
9.358743393139135058e-01
9.358743393139135058e-01
9.358743393139148381e-01
9.441746679789755348e-01
9.441746679789755348e-01
9.441746679789768670e-01
9.441746679789768670e-01
9.463335153050054238e-01
9.463335153050109749e-01
9.463335153050109749e-01
9.463335153050109749e-01
9.463335153050109749e-01
9.463335153050109749e-01
9.463335153050109749e-01
9.463335153050109749e-01
9.527864045000422610e-01
9.527864045000422610e-01
9.527864045000422610e-01
9.527864045000422610e-01
9.527864045000422610e-01
9.527864045000422610e-01
9.527864045000422610e-01
9.527864045000435933e-01
9.634626363596949794e-01
9.634626363596949794e-01
9.634626363596949794e-01
9.634626363596963117e-01
9.634626363596963117e-01
9.634626363596963117e-01
9.634626363596963117e-01
9.634626363596976439e-01
9.782452398535721461e-01
9.782452398535721461e-01
9.782452398535721461e-01
9.782452398535721461e-01
9.782452398535734783e-01
9.782452398535734783e-01
9.782452398535734783e-01
9.782452398535748106e-01
9.934620326382674893e-01
9.934620326382674893e-01
9.934620326382674893e-01
9.934620326382674893e-01
9.934620326382688216e-01
9.934620326382688216e-01
9.934620326382688216e-01
9.934620326382701538e-01
9.969722536843317329e-01
9.969722536843330651e-01
9.969722536843343974e-01
9.969722536843343974e-01
9.969722536843343974e-01
9.969722536843343974e-01
9.969722536843343974e-01
9.969722536843357297e-01
9.999999999999993339e-01
9.999999999999993339e-01
9.999999999999993339e-01
1.000000000000000666e+00
1.000000000000000666e+00
1.000000000000000666e+00
1.000000000000000666e+00
1.000000000000001998e+00
1.006888370749726924e+00
1.006888370749726924e+00
1.006888370749726924e+00
1.006888370749726924e+00
1.019438500769572320e+00
1.019438500769572320e+00
1.019438500769572320e+00
1.019438500769572320e+00
1.019438500769572320e+00
1.019438500769572320e+00
1.019438500769572320e+00
1.019438500769573652e+00
1.026339940156488106e+00
1.026339940156489439e+00
1.026339940156489439e+00
1.026339940156489439e+00
1.026339940156489439e+00
1.026339940156489439e+00
1.026339940156489439e+00
1.026339940156489439e+00
1.045397836204855713e+00
1.045397836204855713e+00
1.045397836204855713e+00
1.045397836204855713e+00
1.045397836204857045e+00
1.045397836204857045e+00
1.045397836204857045e+00
1.045397836204858377e+00
1.053044944489917478e+00
1.053044944489918811e+00
1.053044944489918811e+00
1.053044944489918811e+00
1.053044944489918811e+00
1.053044944489918811e+00
1.053044944489920143e+00
1.053044944489920143e+00
1.074565844078813948e+00
1.074565844078815280e+00
1.074565844078815280e+00
1.074565844078815280e+00
1.074565844078816612e+00
1.074565844078816612e+00
1.074565844078816612e+00
1.074565844078816612e+00
1.083622770614122599e+00
1.083622770614122599e+00
1.083622770614122599e+00
1.083622770614122599e+00
1.083622770614122599e+00
1.083622770614122599e+00
1.083622770614123931e+00
1.083622770614123931e+00
1.106622953593386693e+00
1.106622953593386693e+00
1.106622953593386693e+00
1.106622953593386693e+00
1.106622953593388026e+00
1.106622953593388026e+00
1.106622953593388026e+00
1.106622953593388026e+00
1.113970272018091290e+00
1.113970272018092622e+00
1.113970272018092622e+00
1.113970272018092622e+00
1.113970272018092622e+00
1.113970272018092622e+00
1.113970272018092622e+00
1.113970272018092622e+00
1.129854791032440575e+00
1.129854791032440575e+00
1.129854791032440575e+00
1.129854791032440575e+00
1.129854791032440575e+00
1.129854791032440575e+00
1.129854791032441907e+00
1.129854791032441907e+00
1.141217940348346227e+00
1.141217940348346227e+00
1.141217940348346227e+00
1.141217940348347559e+00
1.141217940348347559e+00
1.141217940348347559e+00
1.141217940348347559e+00
1.141217940348347559e+00
1.166329352654207563e+00
1.166329352654207563e+00
1.166329352654207563e+00
1.166329352654207563e+00
1.166329352654207563e+00
1.166329352654207563e+00
1.166329352654208895e+00
1.166329352654208895e+00
1.175570504584944720e+00
1.175570504584946052e+00
1.175570504584946052e+00
1.175570504584946052e+00
1.175570504584946052e+00
1.175570504584946052e+00
1.175570504584948717e+00
1.175570504584948717e+00
1.177971774429338980e+00
1.177971774429338980e+00
1.177971774429340313e+00
1.177971774429340313e+00
1.177971774429340313e+00
1.177971774429340313e+00
1.177971774429340313e+00
1.177971774429341645e+00
1.216481773138942568e+00
1.216481773138942568e+00
1.216481773138942568e+00
1.216481773138942568e+00
1.216481773138942568e+00
1.216481773138942568e+00
1.216481773138942568e+00
1.216481773138942568e+00
1.229903299933829741e+00
1.229903299933831073e+00
1.229903299933831073e+00
1.229903299933831073e+00
1.237170737151799704e+00
1.237170737151799704e+00
1.237170737151799704e+00
1.237170737151799704e+00
1.237170737151801037e+00
1.237170737151801037e+00
1.237170737151801037e+00
1.237170737151803701e+00
1.247213595499957028e+00
1.247213595499957028e+00
1.247213595499957028e+00
1.247213595499957028e+00
1.247213595499957028e+00
1.247213595499958361e+00
1.247213595499958361e+00
1.247213595499959693e+00
1.256326012872554854e+00
1.256326012872556186e+00
1.256326012872556186e+00
1.256326012872556186e+00
1.256326012872557518e+00
1.256326012872557518e+00
1.256326012872557518e+00
1.256326012872557518e+00
1.269837232100534008e+00
1.269837232100534008e+00
1.269837232100534008e+00
1.269837232100535340e+00
1.271022981098808735e+00
1.271022981098808735e+00
1.271022981098808735e+00
1.271022981098808735e+00
1.271022981098808735e+00
1.271022981098808735e+00
1.271022981098808735e+00
1.271022981098810067e+00
1.274567236779470258e+00
1.274567236779471591e+00
1.274567236779471591e+00
1.274567236779471591e+00
1.274567236779471591e+00
1.274567236779471591e+00
1.274567236779472923e+00
1.274567236779472923e+00
1.280431167535601711e+00
1.280431167535601711e+00
1.280431167535601711e+00
1.280431167535601711e+00
1.280431167535603043e+00
1.280431167535603043e+00
1.280431167535603043e+00
1.280431167535603043e+00
1.288550526914730598e+00
1.288550526914730598e+00
1.288550526914730598e+00
1.288550526914731931e+00
1.288550526914731931e+00
1.288550526914731931e+00
1.288550526914731931e+00
1.288550526914733263e+00
1.297067951801715635e+00
1.297067951801716967e+00
1.297067951801716967e+00
1.297067951801716967e+00
1.297067951801716967e+00
1.297067951801718300e+00
1.297067951801718300e+00
1.297067951801718300e+00
1.298096064679972850e+00
1.298096064679974182e+00
1.298096064679974182e+00
1.298096064679974182e+00
1.298096064679974182e+00
1.298096064679974182e+00
1.298096064679974182e+00
1.298096064679975514e+00
1.298836357516412798e+00
1.298836357516414131e+00
1.298836357516414131e+00
1.298836357516415463e+00
1.298836357516415463e+00
1.298836357516415463e+00
1.298836357516415463e+00
1.298836357516416795e+00
1.311175965628131879e+00
1.311175965628131879e+00
1.311175965628133211e+00
1.311175965628133211e+00
1.311175965628133211e+00
1.311175965628133211e+00
1.311175965628133211e+00
1.311175965628134543e+00
1.325389314460638568e+00
1.325389314460639900e+00
1.325389314460639900e+00
1.325389314460639900e+00
1.325389314460639900e+00
1.325389314460641232e+00
1.325389314460641232e+00
1.325389314460642565e+00
1.325434155921181523e+00
1.325434155921184187e+00
1.325434155921184187e+00
1.325434155921184187e+00
1.325434155921184187e+00
1.325434155921184187e+00
1.325434155921185519e+00
1.325434155921186852e+00
1.338261212717715809e+00
1.338261212717715809e+00
1.338261212717715809e+00
1.338261212717717141e+00
1.338261212717717141e+00
1.338261212717717141e+00
1.338261212717717141e+00
1.338261212717717141e+00
1.341454712678999295e+00
1.341454712678999295e+00
1.341454712678999295e+00
1.341454712679000849e+00
1.341454712679000849e+00
1.341454712679000849e+00
1.341454712679000849e+00
1.341454712679002181e+00
1.357678976531624837e+00
1.357678976531624837e+00
1.357678976531624837e+00
1.357678976531624837e+00
1.357678976531624837e+00
1.357678976531626169e+00
1.357678976531626169e+00
1.357678976531626169e+00
1.359062111329222278e+00
1.359062111329223610e+00
1.359062111329225164e+00
1.359062111329225164e+00
1.359062111329225164e+00
1.359062111329225164e+00
1.359062111329225164e+00
1.359062111329225164e+00
1.378063441527660915e+00
1.378063441527660915e+00
1.378063441527660915e+00
1.378063441527662247e+00
1.378063441527662247e+00
1.378063441527662247e+00
1.378063441527662247e+00
1.378063441527662247e+00
1.379454473633715539e+00
1.379454473633715539e+00
1.379454473633715539e+00
1.379454473633716871e+00
1.379454473633716871e+00
1.379454473633716871e+00
1.379454473633716871e+00
1.379454473633718203e+00
1.398250520724371837e+00
1.398250520724371837e+00
1.398250520724371837e+00
1.398250520724373169e+00
1.398250520724373169e+00
1.398250520724373169e+00
1.398250520724373169e+00
1.398250520724373169e+00
1.399999999999998579e+00
1.399999999999998579e+00
1.400000000000000133e+00
1.400000000000000133e+00
1.415266669855979709e+00
1.415266669855979709e+00
1.415266669855979709e+00
1.415266669855979709e+00
1.415266669855981041e+00
1.415266669855981041e+00
1.415266669855981041e+00
1.415266669855981041e+00
1.419402175055257453e+00
1.419402175055258786e+00
1.419402175055260118e+00
1.419402175055260118e+00
1.419402175055260118e+00
1.419402175055260118e+00
1.419402175055260118e+00
1.419402175055261672e+00
1.420196412562874988e+00
1.420196412562876320e+00
1.420196412562876320e+00
1.420196412562876320e+00
1.420196412562876320e+00
1.420196412562876320e+00
1.420196412562877653e+00
1.420196412562877653e+00
1.441286662569205790e+00
1.441286662569205790e+00
1.441286662569207122e+00
1.441286662569207122e+00
1.441286662569207122e+00
1.441286662569207122e+00
1.441286662569208454e+00
1.441286662569208454e+00
1.460040652296489272e+00
1.460040652296490604e+00
1.460040652296490604e+00
1.460040652296490604e+00
1.460040652296490604e+00
1.460040652296490604e+00
1.460040652296490604e+00
1.460040652296491936e+00
1.463664212241386542e+00
1.463664212241386542e+00
1.463664212241386542e+00
1.463664212241386542e+00
1.463664212241387874e+00
1.463664212241387874e+00
1.463664212241387874e+00
1.463664212241387874e+00
1.470228201833978510e+00
1.470228201833978510e+00
1.470228201833978510e+00
1.470228201833978510e+00
1.470228201833978510e+00
1.470228201833978510e+00
1.470228201833979842e+00
1.470228201833979842e+00
1.486289650954787822e+00
1.486289650954787822e+00
1.486289650954789154e+00
1.486289650954789154e+00
1.486289650954789154e+00
1.486289650954789154e+00
1.486289650954789154e+00
1.486289650954789154e+00
1.498550651006092194e+00
1.498550651006092194e+00
1.498550651006092194e+00
1.498550651006093526e+00
1.498550651006093526e+00
1.498550651006093526e+00
1.498550651006093526e+00
1.498550651006095080e+00
1.508915089668189546e+00
1.508915089668189546e+00
1.508915089668190879e+00
1.508915089668190879e+00
1.508915089668190879e+00
1.508915089668190879e+00
1.508915089668192211e+00
1.508915089668192211e+00
1.521961402419828469e+00
1.521961402419830023e+00
1.521961402419830023e+00
1.521961402419830023e+00
1.531292639340369632e+00
1.531292639340369632e+00
1.531292639340369632e+00
1.531292639340369632e+00
1.531292639340371187e+00
1.531292639340371187e+00
1.531292639340371187e+00
1.531292639340372519e+00
1.535304485087086057e+00
1.535304485087086057e+00
1.535304485087086057e+00
1.535304485087086057e+00
1.535304485087086057e+00
1.535304485087087611e+00
1.535304485087087611e+00
1.535304485087088944e+00
1.553177126854316636e+00
1.553177126854316636e+00
1.553177126854316636e+00
1.553177126854316636e+00
1.553177126854317969e+00
1.553177126854317969e+00
1.553177126854317969e+00
1.553177126854317969e+00
1.559674775249769274e+00
1.559674775249769274e+00
1.559674775249769274e+00
1.559674775249769274e+00
1.559994473127546799e+00
1.559994473127548131e+00
1.559994473127548131e+00
1.559994473127548131e+00
1.559994473127548131e+00
1.559994473127548131e+00
1.559994473127549464e+00
1.559994473127549464e+00
1.560950064084033917e+00
1.560950064084033917e+00
1.560950064084033917e+00
1.560950064084033917e+00
1.560950064084035249e+00
1.560950064084035249e+00
1.560950064084035249e+00
1.560950064084035249e+00
1.562531078464738821e+00
1.562531078464740153e+00
1.562531078464740153e+00
1.562531078464740153e+00
1.562531078464740153e+00
1.562531078464740153e+00
1.562531078464740153e+00
1.562531078464741485e+00
1.564720194345259108e+00
1.564720194345259108e+00
1.564720194345260440e+00
1.564720194345260440e+00
1.564720194345260440e+00
1.564720194345260440e+00
1.564720194345261772e+00
1.564720194345261772e+00
1.567493427313904286e+00
1.567493427313905618e+00
1.567493427313905618e+00
1.567493427313905618e+00
1.567493427313905618e+00
1.567493427313906951e+00
1.567493427313906951e+00
1.567493427313908283e+00
1.569899471842046035e+00
1.569899471842046035e+00
1.569899471842046035e+00
1.569899471842046035e+00
1.569899471842046035e+00
1.569899471842047367e+00
1.569899471842047367e+00
1.569899471842048699e+00
1.570820393249936719e+00
1.570820393249936719e+00
1.570820393249936719e+00
1.570820393249936719e+00
1.570820393249938052e+00
1.570820393249938052e+00
1.570820393249939384e+00
1.570820393249939384e+00
1.574328781185203807e+00
1.574328781185203807e+00
1.574328781185205139e+00
1.574328781185205139e+00
1.574328781185205139e+00
1.574328781185205139e+00
1.574328781185205139e+00
1.574328781185206472e+00
1.574664641218343153e+00
1.574664641218344707e+00
1.574664641218344707e+00
1.574664641218346040e+00
1.574664641218346040e+00
1.574664641218346040e+00
1.574664641218346040e+00
1.574664641218347372e+00
1.578984052833927842e+00
1.578984052833929175e+00
1.578984052833929175e+00
1.578984052833929175e+00
1.578984052833929175e+00
1.578984052833930507e+00
1.578984052833930507e+00
1.578984052833930507e+00
1.583731303719131622e+00
1.583731303719132955e+00
1.583731303719132955e+00
1.583731303719132955e+00
1.583731303719132955e+00
1.583731303719132955e+00
1.583731303719132955e+00
1.583731303719132955e+00
1.588854381999830645e+00
1.588854381999831977e+00
1.588854381999831977e+00
1.588854381999831977e+00
1.588854381999831977e+00
1.588854381999831977e+00
1.588854381999833310e+00
1.588854381999833310e+00
1.594297158158309413e+00
1.594297158158309413e+00
1.594297158158309413e+00
1.594297158158310967e+00
1.594297158158310967e+00
1.594297158158310967e+00
1.594297158158310967e+00
1.594297158158310967e+00
1.594515860381913397e+00
1.594515860381914729e+00
1.594515860381914729e+00
1.594515860381916061e+00
1.594515860381916061e+00
1.594515860381916061e+00
1.594515860381916061e+00
1.594515860381917394e+00
1.599999999999999423e+00
1.599999999999999423e+00
1.599999999999999423e+00
1.599999999999999423e+00
1.600000000000000977e+00
1.600000000000000977e+00
1.600000000000000977e+00
1.600000000000000977e+00
1.600000000000000977e+00
1.601956581356617226e+00
1.601956581356617226e+00
1.601956581356617226e+00
1.601956581356619891e+00
1.602191241852690462e+00
1.602191241852690462e+00
1.602191241852691794e+00
1.602191241852691794e+00
1.604310460592526910e+00
1.604310460592526910e+00
1.604310460592526910e+00
1.604310460592526910e+00
1.605900425996287018e+00
1.605900425996288350e+00
1.605900425996288350e+00
1.605900425996288350e+00
1.605900425996289904e+00
1.605900425996289904e+00
1.605900425996289904e+00
1.605900425996289904e+00
1.608740959706478124e+00
1.608740959706478124e+00
1.608740959706478124e+00
1.608740959706478124e+00
1.610644898208045017e+00
1.610644898208045017e+00
1.610644898208045017e+00
1.610644898208046571e+00
1.610644898208046571e+00
1.610644898208046571e+00
1.610644898208046571e+00
1.610644898208046571e+00
1.611933789845216625e+00
1.611933789845216625e+00
1.611933789845217957e+00
1.611933789845217957e+00
1.611933789845217957e+00
1.611933789845219289e+00
1.611933789845219289e+00
1.611933789845219289e+00
1.613517190580350702e+00
1.613517190580352034e+00
1.613517190580352034e+00
1.613517190580352034e+00
1.613517190580352034e+00
1.613517190580353589e+00
1.613517190580353589e+00
1.613517190580353589e+00
1.616335853764101271e+00
1.616335853764101271e+00
1.616335853764101271e+00
1.616335853764102604e+00
1.618033988749894236e+00
1.618033988749894236e+00
1.618033988749894236e+00
1.618033988749894236e+00
1.618033988749895569e+00
1.618033988749895569e+00
1.618033988749896901e+00
1.618033988749896901e+00
1.619577393481937966e+00
1.619577393481937966e+00
1.619577393481939298e+00
1.619577393481940852e+00
1.621125153275165820e+00
1.621125153275165820e+00
1.621125153275165820e+00
1.621125153275165820e+00
1.621125153275165820e+00
1.621125153275167152e+00
1.621125153275167152e+00
1.621125153275167152e+00
1.624134187654570516e+00
1.624134187654571848e+00
1.624134187654571848e+00
1.624134187654571848e+00
1.624134187654573180e+00
1.624134187654573180e+00
1.624134187654573180e+00
1.624134187654573180e+00
1.625751475074663110e+00
1.625751475074664443e+00
1.625751475074664443e+00
1.625751475074664443e+00
1.625751475074664443e+00
1.625751475074664443e+00
1.625751475074664443e+00
1.625751475074665775e+00
1.630167551503498791e+00
1.630167551503500123e+00
1.630167551503500123e+00
1.630167551503500123e+00
1.630167551503500123e+00
1.630167551503500123e+00
1.630167551503501455e+00
1.630167551503501455e+00
1.631124589230575017e+00
1.631124589230576349e+00
1.631124589230576349e+00
1.631124589230576349e+00
1.631124589230576349e+00
1.631124589230577904e+00
1.631124589230577904e+00
1.631124589230577904e+00
1.633405671930677316e+00
1.633405671930677316e+00
1.633405671930678649e+00
1.633405671930678649e+00
1.634581816942959565e+00
1.634581816942959565e+00
1.634581816942959565e+00
1.634581816942959565e+00
1.635636401926235939e+00
1.635636401926237271e+00
1.635636401926237271e+00
1.635636401926238603e+00
1.635636401926238603e+00
1.635636401926238603e+00
1.635636401926238603e+00
1.635636401926238603e+00
1.636067977499788606e+00
1.636067977499788606e+00
1.636067977499789938e+00
1.636067977499789938e+00
1.636067977499789938e+00
1.636067977499789938e+00
1.636067977499791271e+00
1.636067977499791271e+00
1.638788602622307966e+00
1.638788602622307966e+00
1.638788602622309298e+00
1.638788602622309298e+00
1.638788602622309298e+00
1.638788602622309298e+00
1.638788602622309298e+00
1.638788602622310853e+00
1.641770819341478616e+00
1.641770819341479948e+00
1.641770819341479948e+00
1.641770819341479948e+00
1.641770819341479948e+00
1.641770819341481280e+00
1.641770819341481280e+00
1.641770819341481280e+00
1.644003882860707311e+00
1.644003882860707311e+00
1.644003882860707311e+00
1.644003882860708643e+00
1.644003882860708643e+00
1.644003882860708643e+00
1.644003882860708643e+00
1.644003882860708643e+00
1.647145145988391901e+00
1.647145145988393233e+00
1.647145145988393233e+00
1.647145145988393233e+00
1.647213595499958272e+00
1.647213595499958272e+00
1.647213595499958272e+00
1.647213595499958272e+00
1.647213595499958272e+00
1.647213595499958272e+00
1.647213595499959604e+00
1.647213595499959604e+00
1.651225102939773537e+00
1.651225102939774869e+00
1.651225102939774869e+00
1.651225102939774869e+00
1.652336673780655518e+00
1.652336673780656850e+00
1.652336673780656850e+00
1.652336673780656850e+00
1.652336673780656850e+00
1.652336673780656850e+00
1.652336673780658183e+00
1.652336673780658183e+00
1.653589838486224206e+00
1.653589838486224206e+00
1.653589838486224206e+00
1.653589838486225538e+00
1.654019655884364948e+00
1.654019655884364948e+00
1.654019655884366280e+00
1.654019655884366280e+00
1.654019655884366280e+00
1.654019655884366280e+00
1.654019655884366280e+00
1.654019655884367834e+00
1.655304398909431152e+00
1.655304398909431152e+00
1.655304398909431152e+00
1.655304398909431152e+00
1.655304398909431152e+00
1.655304398909432484e+00
1.655304398909432484e+00
1.655304398909432484e+00
1.657083924665859298e+00
1.657083924665859298e+00
1.657083924665860630e+00
1.657083924665860630e+00
1.657083924665860630e+00
1.657083924665860630e+00
1.657083924665860630e+00
1.657083924665861963e+00
1.657429991647985323e+00
1.657429991647986656e+00
1.657429991647987988e+00
1.657429991647987988e+00
1.657429991647987988e+00
1.657429991647987988e+00
1.657429991647987988e+00
1.657429991647989320e+00
1.660373145661183658e+00
1.660373145661183658e+00
1.660373145661183658e+00
1.660373145661183658e+00
1.660373145661183658e+00
1.660373145661183658e+00
1.660373145661183658e+00
1.660373145661184990e+00
1.661403336281442211e+00
1.661403336281443543e+00
1.661403336281443543e+00
1.661403336281443543e+00
1.661403336281443543e+00
1.661403336281445098e+00
1.661403336281445098e+00
1.661403336281445098e+00
1.664101615137754564e+00
1.664101615137754564e+00
1.664101615137754564e+00
1.664101615137754564e+00
1.665247584249851087e+00
1.665247584249852419e+00
1.665247584249852419e+00
1.665247584249853974e+00
1.668574550185882410e+00
1.668574550185882410e+00
1.668574550185883743e+00
1.668574550185883743e+00
1.668574550185883743e+00
1.668574550185885075e+00
1.668574550185885075e+00
1.668574550185886629e+00
1.671347783154528033e+00
1.671347783154529587e+00
1.671347783154529587e+00
1.671347783154529587e+00
1.671347783154529587e+00
1.671347783154530919e+00
1.671347783154530919e+00
1.671347783154530919e+00
1.673536899035049208e+00
1.673536899035050540e+00
1.673536899035050540e+00
1.673536899035050540e+00
1.673536899035050540e+00
1.673536899035050540e+00
1.673536899035050540e+00
1.673536899035051873e+00
1.673742944393161514e+00
1.673742944393161514e+00
1.673742944393161514e+00
1.673742944393162846e+00
1.673742944393162846e+00
1.673742944393162846e+00
1.673742944393162846e+00
1.673742944393164178e+00
1.675117913415754778e+00
1.675117913415754778e+00
1.675117913415754778e+00
1.675117913415756332e+00
1.675117913415756332e+00
1.675117913415756332e+00
1.675117913415756332e+00
1.675117913415757664e+00
1.676073504372241230e+00
1.676073504372241230e+00
1.676073504372241230e+00
1.676073504372242784e+00
1.676073504372242784e+00
1.676073504372242784e+00
1.676073504372242784e+00
1.676073504372242784e+00
1.676393202250021419e+00
1.676393202250021419e+00
1.676393202250021419e+00
1.676393202250021419e+00
1.679550171751097887e+00
1.679550171751097887e+00
1.679550171751097887e+00
1.679550171751099219e+00
1.679550171751099219e+00
1.679550171751099219e+00
1.679550171751099219e+00
1.679550171751099219e+00
1.684028774994845046e+00
1.684028774994845046e+00
1.684028774994846378e+00
1.684028774994846378e+00
1.684028774994846378e+00
1.684028774994846378e+00
1.684028774994846378e+00
1.684028774994847710e+00
1.685932607061517707e+00
1.685932607061517707e+00
1.685932607061517707e+00
1.685932607061519040e+00
1.685932607061519040e+00
1.685932607061519040e+00
1.685932607061519040e+00
1.685932607061520594e+00
1.692148134373973933e+00
1.692148134373973933e+00
1.692148134373973933e+00
1.692148134373975266e+00
1.692148134373975266e+00
1.692148134373975266e+00
1.692148134373975266e+00
1.692148134373976598e+00
1.692820323027550034e+00
1.692820323027550034e+00
1.692820323027551366e+00
1.692820323027551366e+00
1.692820323027551366e+00
1.692820323027551366e+00
1.692820323027552698e+00
1.692820323027552698e+00
1.698012065130105830e+00
1.698012065130105830e+00
1.698012065130105830e+00
1.698012065130105830e+00
1.698012065130105830e+00
1.698012065130105830e+00
1.698012065130107162e+00
1.698012065130107162e+00
1.698277185581859472e+00
1.698277185581860804e+00
1.698277185581860804e+00
1.698277185581860804e+00
1.698277185581860804e+00
1.698277185581860804e+00
1.698277185581860804e+00
1.698277185581862136e+00
1.700137856391724211e+00
1.700137856391724211e+00
1.700137856391724211e+00
1.700137856391725544e+00
1.700137856391725544e+00
1.700137856391725544e+00
1.700137856391725544e+00
1.700137856391725544e+00
1.701556320810769130e+00
1.701556320810769130e+00
1.701556320810769130e+00
1.701556320810769130e+00
1.701556320810769130e+00
1.701556320810769130e+00
1.701556320810769130e+00
1.701556320810770462e+00
1.702742069809041636e+00
1.702742069809042968e+00
1.702742069809042968e+00
1.702742069809042968e+00
1.707805034727208460e+00
1.707805034727208460e+00
1.707805034727209792e+00
1.707805034727209792e+00
1.707805034727209792e+00
1.707805034727209792e+00
1.707805034727211124e+00
1.707805034727211124e+00
1.713059789075736861e+00
1.713059789075736861e+00
1.713059789075736861e+00
1.713059789075736861e+00
1.713059789075736861e+00
1.713059789075736861e+00
1.713059789075738415e+00
1.713059789075738415e+00
1.713936906347509170e+00
1.713936906347510503e+00
1.713936906347510503e+00
1.713936906347510503e+00
1.713936906347510503e+00
1.713936906347510503e+00
1.713936906347511835e+00
1.713936906347511835e+00
1.715737854823701669e+00
1.715737854823703001e+00
1.715737854823703001e+00
1.715737854823703001e+00
1.715737854823703001e+00
1.715737854823704334e+00
1.715737854823704334e+00
1.715737854823704334e+00
1.723736020935389357e+00
1.723736020935390911e+00
1.723736020935390911e+00
1.723736020935390911e+00
1.723736020935390911e+00
1.723736020935390911e+00
1.723736020935392244e+00
1.723736020935392244e+00
1.723849403044176443e+00
1.723849403044176443e+00
1.723849403044176443e+00
1.723849403044176443e+00
1.723849403044176443e+00
1.723849403044176443e+00
1.723849403044177775e+00
1.723849403044177775e+00
1.730188910130422419e+00
1.730188910130422419e+00
1.730188910130422419e+00
1.730188910130422419e+00
1.730188910130422419e+00
1.730188910130423752e+00
1.730188910130423752e+00
1.730188910130423752e+00
1.730836366114080205e+00
1.730836366114080205e+00
1.730836366114080205e+00
1.730836366114081537e+00
1.730836366114081537e+00
1.730836366114081537e+00
1.730836366114081537e+00
1.730836366114081537e+00
1.732050807568876527e+00
1.732050807568877859e+00
1.732050807568877859e+00
1.732050807568877859e+00
1.732050807568877859e+00
1.732050807568877859e+00
1.732050807568877859e+00
1.732050807568879192e+00
1.732347757456456749e+00
1.732347757456456749e+00
1.732347757456456749e+00
1.732347757456458082e+00
1.736042750675378832e+00
1.736042750675380164e+00
1.736042750675380164e+00
1.736042750675380164e+00
1.736042750675380164e+00
1.736042750675380164e+00
1.736042750675380164e+00
1.736042750675381496e+00
1.740252212093576611e+00
1.740252212093577944e+00
1.740252212093577944e+00
1.740252212093577944e+00
1.740252212093577944e+00
1.740252212093577944e+00
1.740252212093579276e+00
1.740252212093579276e+00
1.748363760314050497e+00
1.748363760314051829e+00
1.748363760314051829e+00
1.748363760314051829e+00
1.748363760314051829e+00
1.748363760314051829e+00
1.748363760314051829e+00
1.748363760314053161e+00
1.748790410863928946e+00
1.748790410863928946e+00
1.748790410863928946e+00
1.748790410863928946e+00
1.748790410863928946e+00
1.748790410863928946e+00
1.748790410863930278e+00
1.748790410863930278e+00
1.752007943788723043e+00
1.752007943788724376e+00
1.752007943788724376e+00
1.752007943788724376e+00
1.752007943788724376e+00
1.752007943788724376e+00
1.752007943788725930e+00
1.752007943788725930e+00
1.756296580410543928e+00
1.756296580410543928e+00
1.756296580410543928e+00
1.756296580410545261e+00
1.756296580410545261e+00
1.756296580410545261e+00
1.756296580410545261e+00
1.756296580410545261e+00
1.760845213036121626e+00
1.760845213036122958e+00
1.760845213036122958e+00
1.760845213036122958e+00
1.760845213036122958e+00
1.760845213036122958e+00
1.760845213036124512e+00
1.760845213036124512e+00
1.761657567690862569e+00
1.761657567690862569e+00
1.761657567690863901e+00
1.761657567690863901e+00
1.761657567690863901e+00
1.761657567690863901e+00
1.761657567690865234e+00
1.761657567690865234e+00
1.763963758746029731e+00
1.763963758746029731e+00
1.763963758746029731e+00
1.763963758746029731e+00
1.763963758746029731e+00
1.763963758746029731e+00
1.763963758746031063e+00
1.763963758746031063e+00
1.764885899083011411e+00
1.764885899083011411e+00
1.764885899083011411e+00
1.764885899083011411e+00
1.767602332325650005e+00
1.767602332325650005e+00
1.767602332325651338e+00
1.767602332325651338e+00
1.767602332325651338e+00
1.767602332325651338e+00
1.767602332325652670e+00
1.767602332325652670e+00
1.771281292110202132e+00
1.771281292110202132e+00
1.771281292110203465e+00
1.771281292110203465e+00
1.771281292110203465e+00
1.771281292110204797e+00
1.771281292110204797e+00
1.771281292110206129e+00
1.778169008076234237e+00
1.778169008076235569e+00
1.778169008076236901e+00
1.778169008076236901e+00
1.778169008076236901e+00
1.778169008076236901e+00
1.778169008076236901e+00
1.778169008076238233e+00
1.782518080587043530e+00
1.782518080587043530e+00
1.782518080587044862e+00
1.782518080587044862e+00
1.782518080587044862e+00
1.782518080587044862e+00
1.782518080587044862e+00
1.782518080587044862e+00
1.784551443386655611e+00
1.784551443386655611e+00
1.784551443386655611e+00
1.784551443386656944e+00
1.784551443386656944e+00
1.784551443386656944e+00
1.784551443386656944e+00
1.784551443386658276e+00
1.787066023151063776e+00
1.787066023151063776e+00
1.787066023151063776e+00
1.787066023151063776e+00
1.787066023151065108e+00
1.787066023151065108e+00
1.787066023151065108e+00
1.787066023151066441e+00
1.787195435190092718e+00
1.787195435190094051e+00
1.787195435190094051e+00
1.787195435190094051e+00
1.787195435190094051e+00
1.787195435190094051e+00
1.787195435190095383e+00
1.787195435190095383e+00
1.790358670744591096e+00
1.790358670744591096e+00
1.790358670744592429e+00
1.790358670744592429e+00
1.790358670744592429e+00
1.790358670744592429e+00
1.790358670744592429e+00
1.790358670744593761e+00
1.795527064951870200e+00
1.795527064951870200e+00
1.795527064951870200e+00
1.795527064951870200e+00
1.795527064951871754e+00
1.795527064951871754e+00
1.795527064951871754e+00
1.795527064951871754e+00
1.795617516294618854e+00
1.795617516294618854e+00
1.795617516294618854e+00
1.795617516294618854e+00
1.795617516294618854e+00
1.795617516294618854e+00
1.795617516294620186e+00
1.795617516294620186e+00
1.799999999999997824e+00
1.799999999999999156e+00
1.799999999999999156e+00
1.799999999999999156e+00
1.800000000000000488e+00
1.800000000000000488e+00
1.800000000000000488e+00
1.800000000000000488e+00
1.800000000000001821e+00
1.800000000000001821e+00
1.800000000000001821e+00
1.800000000000003153e+00
1.803728469476570062e+00
1.803728469476571616e+00
1.803728469476571616e+00
1.803728469476571616e+00
1.803728469476571616e+00
1.803728469476571616e+00
1.803728469476571616e+00
1.803728469476572949e+00
1.806671623489765510e+00
1.806671623489766842e+00
1.806671623489766842e+00
1.806671623489766842e+00
1.806671623489766842e+00
1.806671623489768175e+00
1.806671623489768175e+00
1.806671623489769507e+00
1.806968235070444573e+00
1.806968235070444573e+00
1.806968235070445905e+00
1.806968235070445905e+00
1.806968235070445905e+00
1.806968235070445905e+00
1.806968235070447237e+00
1.806968235070448792e+00
1.808797216228321458e+00
1.808797216228322791e+00
1.808797216228322791e+00
1.808797216228322791e+00
1.808797216228324123e+00
1.808797216228324123e+00
1.808797216228324123e+00
1.808797216228325455e+00
1.810081959253386996e+00
1.810081959253386996e+00
1.810081959253388328e+00
1.810081959253388328e+00
1.810081959253388328e+00
1.810081959253389661e+00
1.810081959253389661e+00
1.810081959253389661e+00
1.810511776651529514e+00
1.810511776651529514e+00
1.810511776651529514e+00
1.810511776651530846e+00
1.814804718589233312e+00
1.814804718589233312e+00
1.814804718589234644e+00
1.814804718589234644e+00
1.814804718589235977e+00
1.814804718589235977e+00
1.814804718589235977e+00
1.814804718589235977e+00
1.814932155886931353e+00
1.814932155886932685e+00
1.814932155886932685e+00
1.814932155886932685e+00
1.814932155886932685e+00
1.814932155886934018e+00
1.814932155886934018e+00
1.814932155886935350e+00
1.827090915285201289e+00
1.827090915285201289e+00
1.827090915285201289e+00
1.827090915285202621e+00
1.827090915285202621e+00
1.827090915285202621e+00
1.827090915285203954e+00
1.827090915285203954e+00
1.831696683638209810e+00
1.831696683638209810e+00
1.831696683638209810e+00
1.831696683638211143e+00
1.831696683638211143e+00
1.831696683638211143e+00
1.831696683638211143e+00
1.831696683638212475e+00
1.837305342769680161e+00
1.837305342769680161e+00
1.837305342769681493e+00
1.837305342769681493e+00
1.843370570147009113e+00
1.843370570147009113e+00
1.843370570147009113e+00
1.843370570147010445e+00
1.843370570147010445e+00
1.843370570147010445e+00
1.843370570147012000e+00
1.843370570147012000e+00
1.847213595499957117e+00
1.847213595499957117e+00
1.847213595499958450e+00
1.847213595499958450e+00
1.847213595499958450e+00
1.847213595499958450e+00
1.847213595499959782e+00
1.847213595499962446e+00
1.848895034296321294e+00
1.848895034296321294e+00
1.848895034296322626e+00
1.848895034296322626e+00
1.848895034296322626e+00
1.848895034296322626e+00
1.848895034296322626e+00
1.848895034296323958e+00
1.867115807419338358e+00
1.867115807419339690e+00
1.867115807419339690e+00
1.867115807419339690e+00
1.867115807419339690e+00
1.867115807419339690e+00
1.867115807419341023e+00
1.867115807419342355e+00
1.869499778814169177e+00
1.869499778814170510e+00
1.869499778814170510e+00
1.869499778814170510e+00
1.869499778814170510e+00
1.869499778814170510e+00
1.869499778814170510e+00
1.869499778814171842e+00
1.872580016415964943e+00
1.872580016415964943e+00
1.872580016415964943e+00
1.872580016415964943e+00
1.872580016415964943e+00
1.872580016415964943e+00
1.872580016415964943e+00
1.872580016415966275e+00
1.876393202250021375e+00
1.876393202250021375e+00
1.876393202250021375e+00
1.876393202250024261e+00
1.884034611412169102e+00
1.884034611412169102e+00
1.884034611412170435e+00
1.884034611412170435e+00
1.884034611412170435e+00
1.884034611412170435e+00
1.884034611412170435e+00
1.884034611412170435e+00
1.886579498244752129e+00
1.886579498244752129e+00
1.886579498244752129e+00
1.886579498244752129e+00
1.886579498244753461e+00
1.886579498244753461e+00
1.886579498244753461e+00
1.886579498244753461e+00
1.902113032590306174e+00
1.902113032590307728e+00
1.902113032590307728e+00
1.902113032590307728e+00
1.902113032590307728e+00
1.902113032590307728e+00
1.902113032590307728e+00
1.902113032590307728e+00
1.905391419706474521e+00
1.905391419706474521e+00
1.905391419706474521e+00
1.905391419706474521e+00
1.905391419706474521e+00
1.905391419706474521e+00
1.905391419706475853e+00
1.905391419706477185e+00
1.908612623200942826e+00
1.908612623200944158e+00
1.908612623200944158e+00
1.908612623200944158e+00
1.908612623200944158e+00
1.908612623200944158e+00
1.908612623200945491e+00
1.908612623200945491e+00
1.916835323672896108e+00
1.916835323672896108e+00
1.916835323672896108e+00
1.916835323672897662e+00
1.919965890674165676e+00
1.919965890674165676e+00
1.919965890674165676e+00
1.919965890674165676e+00
1.919965890674165676e+00
1.919965890674165676e+00
1.919965890674167008e+00
1.919965890674167008e+00
1.923345464456322373e+00
1.923345464456322373e+00
1.923345464456323706e+00
1.923345464456323706e+00
1.923345464456323706e+00
1.923345464456323706e+00
1.923345464456325038e+00
1.923345464456325038e+00
1.931646048764648294e+00
1.931646048764648294e+00
1.931646048764649626e+00
1.931646048764649626e+00
1.931646048764649626e+00
1.931646048764649626e+00
1.931646048764649626e+00
1.931646048764650958e+00
1.940244924222892520e+00
1.940244924222892520e+00
1.940244924222892520e+00
1.940244924222892520e+00
1.940244924222893852e+00
1.940244924222893852e+00
1.940244924222893852e+00
1.940244924222895184e+00
1.948606688290541511e+00
1.948606688290541511e+00
1.948606688290542843e+00
1.948606688290542843e+00
1.948606688290542843e+00
1.948606688290542843e+00
1.948606688290542843e+00
1.948606688290544176e+00
1.955904644988540664e+00
1.955904644988542218e+00
1.955904644988542218e+00
1.955904644988543550e+00
1.955904644988543550e+00
1.955904644988543550e+00
1.955904644988543550e+00
1.955904644988543550e+00
1.956295201467609823e+00
1.956295201467609823e+00
1.956295201467611156e+00
1.956295201467611156e+00
1.956295201467611156e+00
1.956295201467611156e+00
1.956295201467612488e+00
1.956295201467612488e+00
1.958188614692938367e+00
1.958188614692938367e+00
1.958188614692939700e+00
1.958188614692939700e+00
1.960855495033601903e+00
1.960855495033603457e+00
1.960855495033603457e+00
1.960855495033604790e+00
1.960855495033604790e+00
1.960855495033604790e+00
1.960855495033604790e+00
1.960855495033606344e+00
1.970153055575557310e+00
1.970153055575557310e+00
1.970153055575557310e+00
1.970153055575557310e+00
1.970153055575557310e+00
1.970153055575558865e+00
1.970153055575558865e+00
1.970153055575560197e+00
1.982834047415872769e+00
1.982834047415872769e+00
1.982834047415872769e+00
1.982834047415874101e+00
1.982834047415874101e+00
1.982834047415874101e+00
1.982834047415874101e+00
1.982834047415874101e+00
1.989043790736546358e+00
1.989043790736546358e+00
1.989043790736546358e+00
1.989043790736547690e+00
1.989043790736547690e+00
1.989043790736547690e+00
1.989043790736547690e+00
1.989043790736549244e+00
1.989421346591375928e+00
1.989421346591377482e+00
1.989421346591378814e+00
1.989421346591380368e+00
1.989421346591380368e+00
1.989421346591380368e+00
1.989421346591381701e+00
1.989421346591381701e+00
1.992624512261053971e+00
1.992624512261056635e+00
1.992624512261056635e+00
1.992624512261056635e+00
1.992624512261056635e+00
1.992624512261057967e+00
1.992624512261057967e+00
1.992624512261057967e+00
1.993808684909218476e+00
1.993808684909219808e+00
1.993808684909219808e+00
1.993808684909219808e+00
1.993808684909219808e+00
1.993808684909219808e+00
1.993808684909221141e+00
1.993808684909221141e+00
2.000000000000000000e+00
2.000000000000000000e+00
2.000000000000000000e+00
2.000000000000000000e+00
2.002956727630629707e+00
2.002956727630629707e+00
2.002956727630629707e+00
2.002956727630629707e+00
2.002956727630630596e+00
2.002956727630630596e+00
2.002956727630630596e+00
2.002956727630630596e+00
2.010177947709693491e+00
2.010177947709694379e+00
2.010177947709694379e+00
2.010177947709696156e+00
2.010177947709696156e+00
2.010177947709696156e+00
2.010177947709696156e+00
2.010177947709696156e+00
2.015393227948092836e+00
2.015393227948093724e+00
2.015393227948093724e+00
2.015393227948093724e+00
2.015393227948093724e+00
2.015393227948095500e+00
2.015393227948095500e+00
2.015393227948095500e+00
2.017030629990519408e+00
2.017030629990521184e+00
2.017030629990521184e+00
2.017030629990521184e+00
2.017030629990522073e+00
2.017030629990522073e+00
2.017030629990522073e+00
2.017030629990523849e+00
2.018545428644164197e+00
2.018545428644165973e+00
2.018545428644165973e+00
2.018545428644165973e+00
2.018545428644165973e+00
2.018545428644166861e+00
2.018545428644166861e+00
2.018545428644166861e+00
2.019600013627443680e+00
2.019600013627443680e+00
2.019600013627443680e+00
2.019600013627445456e+00
2.028555791523052321e+00
2.028555791523052321e+00
2.028555791523052321e+00
2.028555791523054097e+00
2.028555791523054097e+00
2.028555791523054097e+00
2.028555791523054097e+00
2.028555791523054097e+00
2.029480893182551426e+00
2.029480893182551426e+00
2.029480893182551426e+00
2.029480893182551426e+00
2.029480893182551426e+00
2.029480893182551426e+00
2.029480893182552315e+00
2.029480893182552315e+00
2.041811385307060966e+00
2.041811385307060966e+00
2.041811385307060966e+00
2.041811385307062743e+00
2.043380852144490945e+00
2.043380852144490945e+00
2.043380852144491833e+00
2.043380852144491833e+00
2.043380852144491833e+00
2.043380852144491833e+00
2.043380852144493609e+00
2.043380852144493609e+00
2.063695368638899907e+00
2.063695368638900796e+00
2.063695368638900796e+00
2.063695368638900796e+00
2.063695368638900796e+00
2.063695368638900796e+00
2.063695368638902572e+00
2.063695368638902572e+00
2.068183314505233739e+00
2.068183314505234627e+00
2.068183314505234627e+00
2.068183314505234627e+00
2.068183314505234627e+00
2.068183314505234627e+00
2.068183314505234627e+00
2.068183314505237291e+00
2.069474958272148335e+00
2.069474958272148335e+00
2.069474958272149223e+00
2.069474958272149223e+00
2.069474958272149223e+00
2.069474958272149223e+00
2.069474958272149223e+00
2.069474958272151000e+00
2.083164676327103670e+00
2.083164676327103670e+00
2.083164676327103670e+00
2.083164676327103670e+00
2.091166276104877042e+00
2.091166276104877042e+00
2.091166276104877042e+00
2.091166276104877042e+00
2.091166276104877930e+00
2.091166276104877930e+00
2.091166276104877930e+00
2.091166276104879707e+00
2.097658247048288516e+00
2.097658247048290292e+00
2.097658247048290292e+00
2.097658247048290292e+00
2.097658247048290292e+00
2.097658247048291180e+00
2.097658247048291180e+00
2.097658247048291180e+00
2.108587802658923316e+00
2.108587802658923316e+00
2.108587802658923316e+00
2.108587802658923316e+00
2.108587802658923316e+00
2.108587802658923316e+00
2.108587802658923316e+00
2.108587802658924204e+00
2.112077930806639969e+00
2.112077930806639969e+00
2.112077930806639969e+00
2.112077930806639969e+00
2.112077930806639969e+00
2.112077930806640857e+00
2.112077930806640857e+00
2.112077930806640857e+00
2.123606797749978625e+00
2.123606797749978625e+00
2.123606797749978625e+00
2.123606797749978625e+00
2.130072322348177671e+00
2.130072322348177671e+00
2.130072322348177671e+00
2.130072322348178560e+00
2.130072322348178560e+00
2.130072322348178560e+00
2.130072322348178560e+00
2.130072322348178560e+00
2.130689166145562474e+00
2.130689166145563362e+00
2.130689166145563362e+00
2.130689166145565139e+00
2.130689166145565139e+00
2.130689166145565139e+00
2.130689166145565139e+00
2.130689166145565139e+00
2.146390897834882239e+00
2.146390897834882239e+00
2.146390897834882239e+00
2.146390897834884015e+00
2.146390897834884015e+00
2.146390897834884015e+00
2.146390897834884015e+00
2.146390897834884015e+00
2.146796073532625471e+00
2.146796073532626359e+00
2.146796073532626359e+00
2.146796073532626359e+00
2.146796073532626359e+00
2.146796073532626359e+00
2.146796073532626359e+00
2.146796073532626359e+00
2.160222182319905038e+00
2.160222182319906814e+00
2.160222182319906814e+00
2.160222182319906814e+00
2.160222182319906814e+00
2.160222182319906814e+00
2.160222182319906814e+00
2.160222182319908590e+00
2.160582459146498380e+00
2.160582459146498380e+00
2.160582459146498380e+00
2.160582459146498380e+00
2.160582459146498380e+00
2.160582459146498380e+00
2.160582459146498380e+00
2.160582459146500156e+00
2.162694657230320061e+00
2.162694657230320061e+00
2.162694657230320061e+00
2.162694657230320949e+00
2.170820393249933922e+00
2.170820393249937474e+00
2.170820393249937474e+00
2.170820393249937474e+00
2.170820393249937474e+00
2.170820393249937474e+00
2.170820393249937474e+00
2.170820393249937474e+00
2.178474590105949460e+00
2.178474590105949460e+00
2.178474590105949460e+00
2.178474590105949460e+00
2.178474590105951236e+00
2.178474590105951236e+00
2.178474590105951236e+00
2.178474590105951236e+00
2.182470065178473639e+00
2.182470065178473639e+00
2.182470065178473639e+00
2.182470065178475416e+00
2.182470065178475416e+00
2.182470065178475416e+00
2.182470065178475416e+00
2.182470065178476304e+00
2.183100911905444086e+00
2.183100911905448527e+00
2.183100911905448527e+00
2.183100911905448527e+00
2.183100911905448527e+00
2.183100911905448527e+00
2.183100911905449415e+00
2.183100911905449415e+00
2.184648671698675493e+00
2.184648671698675493e+00
2.184648671698675493e+00
2.184648671698677269e+00
2.188854381999830956e+00
2.188854381999830956e+00
2.188854381999830956e+00
2.188854381999830956e+00
2.188854381999830956e+00
2.188854381999832732e+00
2.188854381999832732e+00
2.188854381999834509e+00
2.199999999999999289e+00
2.200000000000000178e+00
2.200000000000000178e+00
2.200000000000001954e+00
2.214578337805115815e+00
2.214578337805116703e+00
2.214578337805116703e+00
2.214578337805116703e+00
2.214578337805116703e+00
2.214578337805116703e+00
2.214578337805118480e+00
2.214578337805118480e+00
2.216430013782228592e+00
2.216430013782230368e+00
2.216430013782230368e+00
2.216430013782230368e+00
2.216430013782230368e+00
2.216430013782230368e+00
2.216430013782230368e+00
2.216430013782231256e+00
2.235114100916987923e+00
2.235114100916987923e+00
2.235114100916989699e+00
2.235114100916990587e+00
2.237472489519465313e+00
2.237472489519467089e+00
2.237472489519467089e+00
2.237472489519467089e+00
2.237472489519467089e+00
2.237472489519467089e+00
2.237472489519467977e+00
2.237472489519467977e+00
2.247898671342670518e+00
2.247898671342670518e+00
2.247898671342670518e+00
2.247898671342671406e+00
2.247898671342671406e+00
2.247898671342671406e+00
2.247898671342671406e+00
2.247898671342671406e+00
2.257286004025790938e+00
2.257286004025790938e+00
2.257286004025791826e+00
2.257286004025791826e+00
2.257286004025791826e+00
2.257286004025791826e+00
2.257286004025791826e+00
2.257286004025791826e+00
2.267652242543542584e+00
2.267652242543542584e+00
2.267652242543542584e+00
2.267652242543542584e+00
2.273801800312913457e+00
2.273801800312913457e+00
2.273801800312913457e+00
2.273801800312913457e+00
2.273801800312913457e+00
2.273801800312913457e+00
2.273801800312913457e+00
2.273801800312913457e+00
2.276531260662324030e+00
2.276531260662324030e+00
2.276531260662325806e+00
2.276531260662325806e+00
2.276531260662325806e+00
2.276531260662325806e+00
2.276531260662325806e+00
2.276531260662325806e+00
2.286838927860558535e+00
2.286838927860558535e+00
2.286838927860558535e+00
2.286838927860558535e+00
2.286838927860558535e+00
2.286838927860559423e+00
2.286838927860559423e+00
2.286838927860559423e+00
2.296254549171120374e+00
2.296254549171120374e+00
2.296254549171120374e+00
2.296254549171120374e+00
2.296254549171120374e+00
2.296254549171122150e+00
2.296254549171122150e+00
2.296254549171122150e+00
2.297257930190957254e+00
2.297257930190957254e+00
2.297257930190958142e+00
2.297257930190958142e+00
2.301945504727176406e+00
2.301945504727176406e+00
2.301945504727176406e+00
2.301945504727176406e+00
2.301945504727176406e+00
2.301945504727176406e+00
2.301945504727176406e+00
2.301945504727177294e+00
2.302014077100849931e+00
2.302014077100849931e+00
2.302014077100850820e+00
2.302014077100850820e+00
2.302014077100850820e+00
2.302014077100850820e+00
2.302014077100850820e+00
2.302014077100850820e+00
2.303849443228743965e+00
2.303849443228743965e+00
2.303849443228745741e+00
2.303849443228745741e+00
2.323606797749977027e+00
2.323606797749978803e+00
2.323606797749979691e+00
2.323606797749981467e+00
2.324067925588725103e+00
2.324067925588726879e+00
2.324067925588727768e+00
2.324067925588727768e+00
2.324067925588727768e+00
2.324067925588727768e+00
2.324067925588729544e+00
2.324067925588730432e+00
2.342451179546853446e+00
2.342451179546853446e+00
2.342451179546855222e+00
2.342451179546855222e+00
2.342451179546855222e+00
2.342451179546855222e+00
2.342451179546855222e+00
2.342451179546856110e+00
2.346410161513774462e+00
2.346410161513776238e+00
2.346410161513776238e+00
2.346410161513776238e+00
2.356962428197924453e+00
2.356962428197927117e+00
2.356962428197927117e+00
2.356962428197927117e+00
2.356962428197927117e+00
2.356962428197927117e+00
2.356962428197927117e+00
2.356962428197928894e+00
2.365418183057038881e+00
2.365418183057040658e+00
2.365418183057040658e+00
2.365418183057040658e+00
2.367442683265047698e+00
2.367442683265047698e+00
2.367442683265047698e+00
2.367442683265047698e+00
2.367442683265047698e+00
2.367442683265047698e+00
2.367442683265047698e+00
2.367442683265048586e+00
2.373777120880564695e+00
2.373777120880565583e+00
2.373777120880565583e+00
2.373777120880565583e+00
2.373777120880567360e+00
2.373777120880567360e+00
2.373777120880567360e+00
2.373777120880568248e+00
2.375896339620402031e+00
2.375896339620402919e+00
2.375896339620402919e+00
2.375896339620402919e+00
2.380422606518060036e+00
2.380422606518060036e+00
2.380422606518060924e+00
2.380422606518062700e+00
2.391259040293522098e+00
2.391259040293522986e+00
2.391259040293522986e+00
2.391259040293524762e+00
2.397808758147307984e+00
2.397808758147307984e+00
2.397808758147308872e+00
2.397808758147310648e+00
2.400000000000000355e+00
2.400000000000000355e+00
