Eigenvalues
-7.982817173118410103e+00
-7.902155529417805191e+00
-7.858991259291412845e+00
-7.788932282446505262e+00
-7.752484099922414273e+00
-7.722422600720078911e+00
-7.696293250409111941e+00
-7.669238899171427981e+00
-7.647538372008170882e+00
-7.628493073124028356e+00
-7.602640397500931790e+00
-7.584044462958076771e+00
-7.568108901690299817e+00
-7.549443955179615529e+00
-7.533908497280800809e+00
-7.507337605577123263e+00
-7.487158065934762519e+00
-7.473755896904728857e+00
-7.465565027399704512e+00
-7.441749252236580681e+00
-7.429760541861763379e+00
-7.414445023604553597e+00
-7.403279532018311571e+00
-7.393439739525593524e+00
-7.378559050889648141e+00
-7.369613711178360838e+00
-7.358776591448179083e+00
-7.349151520582306141e+00
-7.339785622230757589e+00
-7.328908997708769135e+00
-7.319706123691319455e+00
-7.310680044876737504e+00
-7.295730614590855367e+00
-7.282451546019511390e+00
-7.271514892388839080e+00
-7.262362799243383016e+00
-7.251594262820557191e+00
-7.241535449429126636e+00
-7.232568432471912168e+00
-7.225269942885431007e+00
-7.217873329963057749e+00
-7.196823403324066781e+00
-7.188843613490111473e+00
-7.175628346468849728e+00
-7.164165731138407267e+00
-7.154167818648105914e+00
-7.147901300642378608e+00
-7.138709913259384088e+00
-7.129279679084390864e+00
-7.121242525581235938e+00
-7.110876538913257328e+00
-7.100808406900908309e+00
-7.093189475490405016e+00
-7.083964786397106472e+00
-7.072766180982517525e+00
-7.064896080154537295e+00
-7.059367867698631116e+00
-7.051384637403992350e+00
-7.039792106948806527e+00
-7.031476013592454777e+00
-7.022722054354702870e+00
-7.014873324524007359e+00
-7.005993351194947039e+00
-6.998272323203805989e+00
-6.991096513048960404e+00
-6.983657994442036276e+00
-6.976051859413855638e+00
-6.965967120996379158e+00
-6.959816255021535447e+00
-6.948352521010631833e+00
-6.938610382848082736e+00
-6.929375251452962736e+00
-6.924076317083248888e+00
-6.917204208501195772e+00
-6.909727403799191592e+00
-6.900205394620749999e+00
-6.892658070093451883e+00
-6.882374139686178616e+00
-6.873794593146803855e+00
-6.865710634133161072e+00
-6.853607149222663786e+00
-6.843693152362869014e+00
-6.836141984637307267e+00
-6.825850495421948771e+00
-6.816306387798233501e+00
-6.807139822311816246e+00
-6.797792772986800180e+00
-6.787524502150878547e+00
-6.776325095492599537e+00
-6.767004603177005251e+00
-6.760448972893340347e+00
-6.752194910536038819e+00
-6.745386593231525119e+00
-6.736613932712349317e+00
-6.728313381611215505e+00
-6.720568565710530073e+00
-6.709469082835693321e+00
-6.701810404830969681e+00
-6.694311783389952808e+00
-6.684703306138729317e+00
-6.676819705295924834e+00
-6.670380929783651602e+00
-6.662768802307733829e+00
-6.654983320467445118e+00
-6.648100159666301856e+00
-6.641876466259571288e+00
-6.634391045234839801e+00
-6.624791802433965593e+00
-6.615812738524119219e+00
-6.607427471676691866e+00
-6.598183819830569341e+00
-6.589364136241447234e+00
-6.584039761402542545e+00
-6.577332724651269835e+00
-6.569434083799505331e+00
-6.558408724622882602e+00
-6.549119787198594445e+00
-6.542788267050875461e+00
-6.535323627332617846e+00
-6.529627978667415178e+00
-6.520936636369345507e+00
-6.514823639351410733e+00
-6.505854517883962629e+00
-6.499526886657920777e+00
-6.492265975067308403e+00
-6.485511616732503093e+00
-6.478183850357956963e+00
-6.469864314783265513e+00
-6.463656955128695536e+00
-6.454768127683525591e+00
-6.448915433737758107e+00
-6.442020062434829164e+00
-6.434447073892560098e+00
-6.429023703472259932e+00
-6.421548585030006251e+00
-6.411151843739064660e+00
-6.402028659249962672e+00
-6.396540892481303864e+00
-6.390219376776437699e+00
-6.384017413025975252e+00
-6.376865409854924671e+00
-6.368551464134792006e+00
-6.362177310541175856e+00
-6.352019940795665676e+00
-6.342698304844502033e+00
-6.337682622602935467e+00
-6.330597741144297075e+00
-6.323696240783950095e+00
-6.314233797306829210e+00
-6.307666678880833544e+00
-6.301054358633162877e+00
-6.293599583407977427e+00
-6.285086687561067365e+00
-6.279766855688338367e+00
-6.271678628601671690e+00
-6.262981460025878633e+00
-6.255400884402135375e+00
-6.246872643337211706e+00
-6.241246826616249521e+00
-6.234844922105430065e+00
-6.229678044762648526e+00
-6.222570808165170497e+00
-6.213839622102708127e+00
-6.206433836996819942e+00
-6.199477016452963340e+00
-6.193254530652563261e+00
-6.184419728035267738e+00
-6.177850137184083046e+00
-6.169525141252017342e+00
-6.163779842002886866e+00
-6.156310392800468101e+00
-6.150000769458367600e+00
-6.143765731401796160e+00
-6.137741688502743820e+00
-6.130436393987535482e+00
-6.124349978208922352e+00
-6.117171905138289567e+00
-6.108828142420272833e+00
-6.101341909882146197e+00
-6.095173887430153314e+00
-6.085728819442877580e+00
-6.078144029196108633e+00
-6.072705151669654633e+00
-6.065631561537101923e+00
-6.057831834495869927e+00
-6.048749095646342333e+00
-6.040782729063039369e+00
-6.032651181774297378e+00
-6.023991447511284569e+00
-6.015734876988942936e+00
-6.009164111565254984e+00
-6.003001109523806278e+00
-5.996573022321476820e+00
-5.990468783724312019e+00
-5.982879875041419382e+00
-5.976133102103044159e+00
-5.969810451571504473e+00
-5.961841363409059014e+00
-5.952963935497624703e+00
-5.945546418792347687e+00
-5.938973880038607156e+00
-5.932701435515827626e+00
-5.927555219432973921e+00
-5.919265518916122737e+00
-5.911793002863245050e+00
-5.904382554718739406e+00
-5.896476235642888142e+00
-5.890181610998160622e+00
-5.883597752936799985e+00
-5.877180333893995190e+00
-5.869677730893873679e+00
-5.863991255432448924e+00
-5.855922294288010477e+00
-5.849260172506708599e+00
-5.842071636029335657e+00
-5.834051259088512964e+00
-5.828646233235002860e+00
-5.820191991197854797e+00
-5.814302063083929717e+00
-5.807219911130824030e+00
-5.799603088726962064e+00
-5.793099217789642985e+00
-5.785311832714850944e+00
-5.778988963325095263e+00
-5.773474493891399995e+00
-5.767621959164847212e+00
-5.759475035551800737e+00
-5.751101222219045184e+00
-5.743862164160789874e+00
-5.738102056755486124e+00
-5.729781329070103624e+00
-5.722874255027270429e+00
-5.716956705032969488e+00
-5.710586872719147777e+00
-5.703599084946469056e+00
-5.694638055203841809e+00
-5.688313495551341248e+00
-5.683328944293289275e+00
-5.676438406443453211e+00
-5.669284201545908175e+00
-5.662084604532500620e+00
-5.655691910502993913e+00
-5.649784659138104459e+00
-5.643581577491869616e+00
-5.637110505638568192e+00
-5.631333220594402000e+00
-5.621798633341639650e+00
-5.616043832750591491e+00
-5.608669823369167418e+00
-5.602225833088547269e+00
-5.596061740072835633e+00
-5.589835463835796325e+00
-5.584659651226086652e+00
-5.579132567137880194e+00
-5.573043781700037336e+00
-5.566651316395042848e+00
-5.559170818027808991e+00
-5.553706115455383063e+00
-5.545750341441262776e+00
-5.540062336078663385e+00
-5.532389486037320836e+00
-5.526228246294958346e+00
-5.520845814877330504e+00
-5.515625023370818170e+00
-5.509207351161347965e+00
-5.502269150913019047e+00
-5.495328407704644924e+00
-5.488879765749897111e+00
-5.482767063479093039e+00
-5.475414794034140442e+00
-5.470498151201353743e+00
-5.465159923678891474e+00
-5.459070163151650945e+00
-5.453112647106236999e+00
-5.447682093222337762e+00
-5.439879146534169152e+00
-5.432849857955279305e+00
-5.427310997904151613e+00
-5.418167526547592594e+00
-5.413234033427108294e+00
-5.406998342130195034e+00
-5.400157366731364483e+00
-5.393149556063958627e+00
-5.388180174596571170e+00
-5.381447447673565421e+00
-5.373580027764201184e+00
-5.368150490197147739e+00
-5.363610433454717885e+00
-5.358107339111937151e+00
-5.351593960712387243e+00
-5.346678473307391322e+00
-5.340129777001320299e+00
-5.333696714615442147e+00
-5.326458921842299965e+00
-5.320102153213502660e+00
-5.313199526196553002e+00
-5.308050980603456814e+00
-5.301010015696447475e+00
-5.293265113106114583e+00
-5.286696503331681285e+00
-5.280731274709629552e+00
-5.275330793589361633e+00
-5.270235023133017727e+00
-5.263665616886666676e+00
-5.259475884972102833e+00
-5.252111626155420154e+00
-5.247234149461524666e+00
-5.241434910671340042e+00
-5.235746647816444721e+00
-5.228859921179135561e+00
-5.222094481210183048e+00
-5.216249481853950876e+00
-5.207316758988584482e+00
-5.201054289387520235e+00
-5.196349941958470886e+00
-5.188891689230064941e+00
-5.184125835466642407e+00
-5.177146559631481182e+00
-5.171898302412298420e+00
-5.165320676623798235e+00
-5.159591606356885407e+00
-5.153126020265813345e+00
-5.144739362764928714e+00
-5.140091241469169958e+00
-5.133228486008179381e+00
-5.128395574437303317e+00
-5.122236749190210325e+00
-5.115554142432970686e+00
-5.109688000156601184e+00
-5.104347434779697323e+00
-5.098675163535419053e+00
-5.092892616589439925e+00
-5.085430115940880569e+00
-5.079432717000533337e+00
-5.073372931884342130e+00
-5.065965784492177271e+00
-5.059875281526434954e+00
-5.052868821668381472e+00
-5.048504734215425671e+00
-5.041096678200584158e+00
-5.035443750264802176e+00
-5.030420227776889242e+00
-5.024844140922565039e+00
-5.018475138080522591e+00
-5.012204476160292188e+00
-5.006719800889224636e+00
-5.000643046030325500e+00
-4.995144362072833744e+00
-4.989707904278602335e+00
-4.982474671871465866e+00
-4.978039176810820088e+00
-4.971174451067851940e+00
-4.964978511507355030e+00
-4.958649925250368184e+00
-4.952947222850158759e+00
-4.946689099974406645e+00
-4.939657700144801211e+00
-4.932502624224729182e+00
-4.926599545747750497e+00
-4.920361581145927587e+00
-4.913414414328582502e+00
-4.908577988195896857e+00
-4.903714085191338334e+00
-4.898263903747211323e+00
-4.891629600167743952e+00
-4.884480494528415484e+00
-4.878361628427077434e+00
-4.872768883440280696e+00
-4.867677204562940396e+00
-4.861258322763055695e+00
-4.854615193498394099e+00
-4.848556888026622325e+00
-4.843251503865184660e+00
-4.836842410439201601e+00
-4.830749304372492503e+00
-4.822919946634133481e+00
-4.817412848413159310e+00
-4.811687801362955597e+00
-4.805353605459043109e+00
-4.798632889759617548e+00
-4.792423969862694477e+00
-4.787178974633083506e+00
-4.780542564440383835e+00
-4.776237547085754542e+00
-4.770872706047120992e+00
-4.763933295956443104e+00
-4.758779991939815268e+00
-4.754205176383226927e+00
-4.747860310384682592e+00
-4.740985773815260096e+00
-4.735184694766948255e+00
-4.728592388554512027e+00
-4.723020915558624466e+00
-4.717569849990794317e+00
-4.712164760383307005e+00
-4.705621431982896397e+00
-4.700084398766460225e+00
-4.695073198551835247e+00
-4.687607780350180775e+00
-4.680609142136861855e+00
-4.675934991271414098e+00
-4.669515121034890193e+00
-4.664354728147441342e+00
-4.658666208689052013e+00
-4.653171290126224768e+00
-4.646323412180462853e+00
-4.640189379233669698e+00
-4.633512719569873539e+00
-4.628542791880549068e+00
-4.622656169775440027e+00
-4.616858352174466162e+00
-4.612083063724073284e+00
-4.607579780376521938e+00
-4.602074542794968970e+00
-4.595864727510527992e+00
-4.591255793013588438e+00
-4.584652477043247742e+00
-4.578883284478122206e+00
-4.573345275731215409e+00
-4.566506571815650339e+00
-4.561002162644678393e+00
-4.556373101127101144e+00
-4.550583320374775198e+00
-4.544019661662795251e+00
-4.539054184805848990e+00
-4.533474689365492694e+00
-4.529588674731448883e+00
-4.524660700873053720e+00
-4.519701737626787619e+00
-4.512244564812458059e+00
-4.506851246243730458e+00
-4.499757147489277465e+00
-4.494343308450194918e+00
-4.488367214868206112e+00
-4.484210241792355056e+00
-4.478731603025901897e+00
-4.472540008295477598e+00
-4.466016941017671549e+00
-4.460684526418839724e+00
-4.455113920408513728e+00
-4.449589501105787548e+00
-4.445270117550264466e+00
-4.438799220529195289e+00
-4.433108954489310527e+00
-4.426531910459218011e+00
-4.422421262554887100e+00
-4.417110674147230576e+00
-4.410945374813124431e+00
-4.405017969895172136e+00
-4.397648945380500329e+00
-4.392826076396136870e+00
-4.386952102180236679e+00
-4.381432462644843540e+00
-4.374854432077136757e+00
-4.369643904910817334e+00
-4.364207486331181052e+00
-4.357064488152712300e+00
-4.351531476078847938e+00
-4.346451427412009849e+00
-4.341002353559348492e+00
-4.334524645596184556e+00
-4.328857756041744942e+00
-4.324655623125537751e+00
-4.318672001941430416e+00
-4.313570292761516711e+00
-4.308632917960165898e+00
-4.303784152966561471e+00
-4.298732612591283697e+00
-4.294045128444837545e+00
-4.288175022502819012e+00
-4.282659199471376077e+00
-4.277244102361693834e+00
-4.271501803994130597e+00
-4.266245555239190246e+00
-4.260271151428349334e+00
-4.255299373106384841e+00
-4.250159240894250345e+00
-4.244416665981820991e+00
-4.240341017211545882e+00
-4.235599216241705101e+00
-4.227563066950080994e+00
-4.221842407312685452e+00
-4.216582887190472917e+00
-4.211624175100364020e+00
-4.206740563761915297e+00
-4.202053767983267463e+00
-4.197257568788248960e+00
-4.192171783503128246e+00
-4.186202004038633184e+00
-4.180768021037017057e+00
-4.175380772877347546e+00
-4.170123686259965545e+00
-4.165226610241891336e+00
-4.158501180128316932e+00
-4.153759569666978457e+00
-4.149144723212212504e+00
-4.143282193302733951e+00
-4.138649267053891911e+00
-4.132627878930285270e+00
-4.126132542183522212e+00
-4.119310229265816581e+00
-4.114245633759706422e+00
-4.109396531810618924e+00
-4.103519676468140531e+00
-4.098604072759171935e+00
-4.092437439100913288e+00
-4.087704736583581244e+00
-4.082293322345150521e+00
-4.077362514863431819e+00
-4.070451057230879854e+00
-4.064155399674686642e+00
-4.058052868111926337e+00
-4.053681276699203195e+00
-4.047992682416788668e+00
-4.042350611118009418e+00
-4.037281540039018957e+00
-4.031872679571365303e+00
-4.026053812657522712e+00
-4.020765776728715934e+00
-4.016535880663398395e+00
-4.010037913326410575e+00
-4.005623886736421113e+00
-4.000674823452528450e+00
-3.995507324318897435e+00
-3.989634376830655249e+00
-3.983484764640174092e+00
-3.977147268908504785e+00
-3.972665842141146708e+00
-3.966622435608907704e+00
-3.961062706400875211e+00
-3.955856034154884959e+00
-3.951086420319766646e+00
-3.946106925722077996e+00
-3.941110192055482297e+00
-3.936631555711211039e+00
-3.931245243157279745e+00
-3.925163889355831603e+00
-3.919831451688941204e+00
-3.914502817170084636e+00
-3.909559051282910147e+00
-3.904952738583872041e+00
-3.899581280481554391e+00
-3.892762151078287935e+00
-3.888370557601151578e+00
-3.882270561949792587e+00
-3.875434413450470128e+00
-3.870598259111262873e+00
-3.867531211215454068e+00
-3.862647033242772920e+00
-3.857535810107389995e+00
-3.852904533037464940e+00
-3.847265770009466568e+00
-3.842888062056477150e+00
-3.836672669424819215e+00
-3.830501377207962133e+00
-3.826480857464993335e+00
-3.822230550732522492e+00
-3.816719992648756943e+00
-3.811237698791432926e+00
-3.806923814617335200e+00
-3.802261912107200992e+00
-3.797301865993622183e+00
-3.791782694918228280e+00
-3.786573067807505577e+00
-3.781184548373698995e+00
-3.775852676940337549e+00
-3.770899044644399734e+00
-3.765688197696257067e+00
-3.761489977417620700e+00
-3.755896128540922252e+00
-3.751522092259279351e+00
-3.746974421013710366e+00
-3.740622290651656634e+00
-3.736653675662922502e+00
-3.732278046056490606e+00
-3.726104169807952449e+00
-3.722537176501412137e+00
-3.716678391706703000e+00
-3.711182296140658643e+00
-3.705751279971619461e+00
-3.700559356415989321e+00
-3.695520091155607201e+00
-3.689380972214050924e+00
-3.685107610325492278e+00
-3.679843491117763765e+00
-3.675847782551072918e+00
-3.669642125900344887e+00
-3.666482075209568148e+00
-3.660920306845180328e+00
-3.655832421047717773e+00
-3.650664065395441416e+00
-3.644667527486522562e+00
-3.639196011632442218e+00
-3.633991324587529714e+00
-3.629601029862938422e+00
-3.624402704100049721e+00
-3.619496074653286488e+00
-3.614276934454920820e+00
-3.609325529725881943e+00
-3.604445362652222595e+00
-3.601365597111245265e+00
-3.595968430311314634e+00
-3.592342639684414696e+00
-3.586504586795888017e+00
-3.580210143920800725e+00
-3.575503667157858168e+00
-3.570044012971612446e+00
-3.564999177458854085e+00
-3.560098981377708416e+00
-3.555258922641046482e+00
-3.549557828710312890e+00
-3.544874303829508300e+00
-3.541003801393586503e+00
-3.537041232785469447e+00
-3.531979634452315331e+00
-3.525909331860099805e+00
-3.522439300737592927e+00
-3.516385531232869788e+00
-3.511703068720396281e+00
-3.507170708571822448e+00
-3.502300930459574690e+00
-3.498407966608582775e+00
-3.493024510912638547e+00
-3.488668955934677740e+00
-3.482892453231394292e+00
-3.478938164359090202e+00
-3.476036416385750449e+00
-3.470124787881947892e+00
-3.464841367222800450e+00
-3.460723255763194839e+00
-3.455635829792776281e+00
-3.450667920799783683e+00
-3.446319168374998743e+00
-3.442264508844382842e+00
-3.438053254733136832e+00
-3.433477603804933498e+00
-3.429006581174569135e+00
-3.423827048228203829e+00
-3.419700913607135906e+00
-3.414986284333306532e+00
-3.411404674859056296e+00
-3.406190888582065757e+00
-3.400469211255130020e+00
-3.394614073684048883e+00
-3.389740901210422042e+00
-3.385381786855434783e+00
-3.380153979393799357e+00
-3.374720516168330686e+00
-3.370480206014238700e+00
-3.365685880673517705e+00
-3.362301968224925552e+00
-3.357774546553568218e+00
-3.354308260534943908e+00
-3.349345494877652207e+00
-3.345194845367295944e+00
-3.340910805455664434e+00
-3.337295130609197802e+00
-3.331424037221130341e+00
-3.327801802408533849e+00
-3.322155442617430232e+00
-3.318437680236593135e+00
-3.313025640369461566e+00
-3.308849534481311583e+00
-3.304148032323299233e+00
-3.298175357499627314e+00
-3.293960707275755517e+00
-3.289500449618124378e+00
-3.284660491388653902e+00
-3.281044351831704731e+00
-3.276690679982462218e+00
-3.270981007515973538e+00
-3.267478674065682931e+00
-3.263090446441693437e+00
-3.257665554245112283e+00
-3.253078436356509506e+00
-3.248999387423913365e+00
-3.244495311285148453e+00
-3.239968296015891536e+00
-3.235537161379040239e+00
-3.231235280713586899e+00
-3.225794653515580368e+00
-3.221817954242230719e+00
-3.215298126304196646e+00
-3.211217538960336793e+00
-3.205796958927074947e+00
-3.201572631047413076e+00
-3.197401133233944481e+00
-3.193020724093297513e+00
-3.187541080575230446e+00
-3.182950078543754113e+00
-3.178335210788719944e+00
-3.174083614373827356e+00
-3.170749461094681809e+00
-3.164911455092463743e+00
-3.160888676436634626e+00
-3.156969184726648336e+00
-3.153058068052435825e+00
-3.148992594675285250e+00
-3.144899885070145285e+00
-3.139687286314121195e+00
-3.135551240964996378e+00
-3.130176549857837554e+00
-3.126934209847838542e+00
-3.121498850372774303e+00
-3.117356807191393298e+00
-3.113539541782941900e+00
-3.108234344529579474e+00
-3.104067803420898386e+00
-3.099023984957851585e+00
-3.093802332513809983e+00
-3.090349014999646649e+00
-3.086777224442017076e+00
-3.083235439565115588e+00
-3.078981178735086921e+00
-3.074083213141301840e+00
-3.069836358348440264e+00
-3.065793209884529080e+00
-3.060329166879465657e+00
-3.056678567645921607e+00
-3.053942326100704818e+00
-3.049402989147054654e+00
-3.044926848650588269e+00
-3.040518802333682213e+00
-3.034117105480202969e+00
-3.030480238891486433e+00
-3.025637331970257637e+00
-3.021770448246750451e+00
-3.017088314910746583e+00
-3.011696161966298746e+00
-3.007815983317260411e+00
-3.003115865332175893e+00
-2.999279385954959132e+00
-2.994781078031556021e+00
-2.990477488113592042e+00
-2.986089440213934854e+00
-2.980628934436960531e+00
-2.976771203726811255e+00
-2.972902589104424287e+00
-2.968768934893854183e+00
-2.963643146741728351e+00
-2.959105154827496253e+00
-2.955988582155671285e+00
-2.952031547812879797e+00
-2.947542156506999245e+00
-2.943911681727847895e+00
-2.940083283375778400e+00
-2.935593925031857676e+00
-2.931296367808106318e+00
-2.926967220256550650e+00
-2.922922361621390852e+00
-2.918559584252410577e+00
-2.915255087373544107e+00
-2.911318229795470724e+00
-2.907052137800510305e+00
-2.903778459036066018e+00
-2.899956306244388937e+00
-2.894841513821384105e+00
-2.891126700678079420e+00
-2.887645104055278633e+00
-2.884205331565092845e+00
-2.879539357717369352e+00
-2.875322145163480059e+00
-2.869662036650631798e+00
-2.866549675518059281e+00
-2.862910167582474852e+00
-2.858315486765734548e+00
-2.854542546339087217e+00
-2.849128393053108610e+00
-2.845030506534834469e+00
-2.840855514666821957e+00
-2.836310068908573179e+00
-2.832155429282950276e+00
-2.827621073430200749e+00
-2.823179678807167470e+00
-2.819784038395868109e+00
-2.815796641987003301e+00
-2.811949567910381198e+00
-2.807253180098983059e+00
-2.804309542242184872e+00
-2.799297852875465065e+00
-2.795205292323269308e+00
-2.791186905471844781e+00
-2.786208109473678807e+00
-2.782066460446758427e+00
-2.779019172829303663e+00
-2.774959679249214162e+00
-2.770988147358241172e+00
-2.766246373508812528e+00
-2.761935430319504725e+00
-2.757872801401984209e+00
-2.753659670423667105e+00
-2.749092515365792355e+00
-2.745312347687411503e+00
-2.741047403838434260e+00
-2.736337798419051559e+00
-2.733692686522261273e+00
-2.729438562015098491e+00
-2.725900612384712485e+00
-2.722018495451608455e+00
-2.717200515111374504e+00
-2.711803795159870578e+00
-2.708161499835588515e+00
-2.703742269075184446e+00
-2.699656587511079398e+00
-2.696087339355218493e+00
-2.691388777696775314e+00
-2.687219410383852480e+00
-2.683438419068110647e+00
-2.679004219109101470e+00
-2.675150781642789966e+00
-2.671591184072408698e+00
-2.667813954617139327e+00
-2.663343953192575775e+00
-2.659798036173080860e+00
-2.655559376103738600e+00
-2.651822999672556858e+00
-2.647862592567577167e+00
-2.644015467725967294e+00
-2.638876769740456485e+00
-2.635876295652665569e+00
-2.631296711007183653e+00
-2.628416564486712570e+00
-2.623747694130553310e+00
-2.619142488522448797e+00
-2.615632191104383608e+00
-2.611103245407893514e+00
-2.607115121889738152e+00
-2.603295413098825506e+00
-2.600087636129891244e+00
-2.596984582580402989e+00
-2.592203890947883060e+00
-2.587503828809521345e+00
-2.583514237364837207e+00
-2.580135507722274735e+00
-2.576965884738187995e+00
-2.571777558689497312e+00
-2.568215964827241127e+00
-2.564768651024967649e+00
-2.560936333238375440e+00
-2.557655945803381403e+00
-2.553396834922111669e+00
-2.549639081199676749e+00
-2.545307016745652184e+00
-2.541208626955054228e+00
-2.537148972129963820e+00
-2.532844148384282068e+00
-2.530037060635568213e+00
-2.524611632121138705e+00
-2.521396033217965904e+00
-2.516485513000755514e+00
-2.512940466472173728e+00
-2.509835258188163554e+00
-2.506227304474844875e+00
-2.502026110596139219e+00
-2.498249023165034277e+00
-2.494291301715435338e+00
-2.489966235900727742e+00
-2.486004075537831870e+00
-2.482200178070483432e+00
-2.478459841736082137e+00
-2.475823200628552989e+00
-2.472695213744729781e+00
-2.468926892407859786e+00
-2.464940448951537189e+00
-2.461224610407788393e+00
-2.457950479721528136e+00
-2.454608630618992926e+00
-2.450700965401429787e+00
-2.446807405738823160e+00
-2.443023062021318026e+00
-2.438733270411935994e+00
-2.435181522299087131e+00
-2.430658580222746057e+00
-2.426528852390790192e+00
-2.423450940500856188e+00
-2.420218530094360609e+00
-2.416820865923305472e+00
-2.413883840073232978e+00
-2.408592003715174901e+00
-2.404043583497269321e+00
-2.399595106909978792e+00
-2.396335715116401310e+00
-2.392267330338251785e+00
-2.387321827246823069e+00
-2.384423984738223812e+00
-2.380291831068265918e+00
-2.377156356395627501e+00
-2.373134208713302495e+00
-2.369057995135540828e+00
-2.365299766371582457e+00
-2.362226614501410804e+00
-2.358780166635902731e+00
-2.354092315736473484e+00
-2.350586485323173047e+00
-2.346858218989028355e+00
-2.343456372005030097e+00
-2.340408909495156120e+00
-2.336943405995140832e+00
-2.332909832199175693e+00
-2.329520768118286345e+00
-2.325784064721423849e+00
-2.321751454971669126e+00
-2.318419230622827065e+00
-2.314103588441385195e+00
-2.310435045575793378e+00
-2.307118569079479986e+00
-2.303193498063305533e+00
-2.299394496665213339e+00
-2.295300968156635424e+00
-2.292211485492474221e+00
-2.288268432203286462e+00
-2.284216309410161294e+00
-2.280694571243865987e+00
-2.276601933151320534e+00
-2.273414042958520564e+00
-2.269761574936373094e+00
-2.266389370121670410e+00
-2.262231636881291141e+00
-2.257682804129495846e+00
-2.254609957809034615e+00
-2.250223974925812165e+00
-2.246986516083973484e+00
-2.243366253241966035e+00
-2.239518470160589469e+00
-2.235551228266409396e+00
-2.230819490496080970e+00
-2.226291546020087164e+00
-2.222453755497248551e+00
-2.218886889937567108e+00
-2.215509815296558660e+00
-2.211700478434939221e+00
-2.208056325674906173e+00
-2.204153661419620214e+00
-2.200789336034104426e+00
-2.197973869008941428e+00
-2.194564448157416248e+00
-2.190838215633406527e+00
-2.187641101948691436e+00
-2.183493240167039495e+00
-2.179402904034854149e+00
-2.176150170769039605e+00
-2.172375963227579199e+00
-2.168451947617855868e+00
-2.165458366749261288e+00
-2.161832164922982358e+00
-2.158477080944380067e+00
-2.154736319758693064e+00
-2.150340002604064882e+00
-2.146643966310859852e+00
-2.142798686804435082e+00
-2.138951825041497390e+00
-2.135982000331550612e+00
-2.132515500821147825e+00
-2.128602170528875792e+00
-2.123448292312209773e+00
-2.120143712781696443e+00
-2.117737615144628993e+00
-2.113528624991636740e+00
-2.110635117219920698e+00
-2.105999428045828292e+00
-2.102761958235987105e+00
-2.099984832527385770e+00
-2.095339468311276487e+00
-2.091353338214396285e+00
-2.088362557030639444e+00
-2.085463451988165851e+00
-2.082455348017779428e+00
-2.079054919380702415e+00
-2.075110142141170400e+00
-2.072014865067505873e+00
-2.068945531852885544e+00
-2.065280488012208870e+00
-2.061719313542711429e+00
-2.058292657048473195e+00
-2.053944755670597644e+00
-2.050438524059395640e+00
-2.047874982612868155e+00
-2.044295716743679048e+00
-2.040528457418115504e+00
-2.037857831094978867e+00
-2.034770279079912481e+00
-2.030501397670645414e+00
-2.027192319135499243e+00
-2.024504872635173758e+00
-2.020609730299768092e+00
-2.017654670341287204e+00
-2.014652870435498233e+00
-2.010964901413270223e+00
-2.007471354621930715e+00
-2.003700995320372602e+00
-2.000204140069280712e+00
-1.996964021399501243e+00
-1.993304072142404904e+00
-1.989300910094031094e+00
-1.986477264931512554e+00
-1.982559082705323217e+00
-1.979461341843704592e+00
-1.975192346026474199e+00
-1.971265555716713358e+00
-1.967656675880074646e+00
-1.964325773388933660e+00
-1.961564569730556373e+00
-1.958270303176038452e+00
-1.954999851431272306e+00
-1.952150059109108771e+00
-1.948256470507149007e+00
-1.945466999482138970e+00
-1.942516579650886088e+00
-1.939077184385188390e+00
-1.935826254773770128e+00
-1.931924824757149217e+00
-1.928767431890515693e+00
-1.925254040786117837e+00
-1.922117108584670442e+00
-1.918794146814136736e+00
-1.915663595537079766e+00
-1.912832223505322560e+00
-1.908743109216914258e+00
-1.904814925418572669e+00
-1.901545511494654450e+00
-1.898053897769628184e+00
-1.895020766895426423e+00
-1.892233526411345235e+00
-1.889098531063547304e+00
-1.885011947103685692e+00
-1.881451961379128734e+00
-1.877938193146135415e+00
-1.874985220660275065e+00
-1.872282342821240064e+00
-1.868022813454277342e+00
-1.864617686995180712e+00
-1.860397154904007255e+00
-1.856942085057963876e+00
-1.853064500102320267e+00
-1.849433761227087025e+00
-1.846028824547699454e+00
-1.841769396619054477e+00
-1.838123584147407952e+00
-1.834573740315201595e+00
-1.831361759512496468e+00
-1.828220744597137459e+00
-1.824392503310656055e+00
-1.820780967615567736e+00
-1.818290407164460332e+00
-1.814268235162948217e+00
-1.810803854875995267e+00
-1.807792306969004503e+00
-1.805522819265911405e+00
-1.801556324154895972e+00
-1.797569037862707830e+00
-1.794704442702282243e+00
-1.790183859848469394e+00
-1.786967923407694725e+00
-1.784052619982164689e+00
-1.780862488921989506e+00
-1.777895944496161507e+00
-1.774889462229070292e+00
-1.771112940120782797e+00
-1.767952662355280813e+00
-1.764610343944162940e+00
-1.761451147530796346e+00
-1.758213185410381296e+00
-1.754536948072889402e+00
-1.751410193434355111e+00
-1.748164391804224671e+00
-1.745485400971410916e+00
-1.741793021277808329e+00
-1.738351294408999381e+00
-1.734137929553418056e+00
-1.731126763197105456e+00
-1.728018421635094670e+00
-1.724147404107189807e+00
-1.721458165198200607e+00
-1.718150995569259321e+00
-1.714647526130554267e+00
-1.711451905042815413e+00
-1.708182305119261946e+00
-1.704073855566812234e+00
-1.701754476767491475e+00
-1.698488791769230177e+00
-1.694820076653640761e+00
-1.692026869768257002e+00
-1.688365878373159434e+00
-1.685618095314273202e+00
-1.682074617104978964e+00
-1.678741274205265199e+00
-1.675298505668848525e+00
-1.672907930483401806e+00
-1.669397878303808591e+00
-1.666543902516675502e+00
-1.663777483515174849e+00
-1.660790543184498480e+00
-1.657242830286395074e+00
-1.654082422532556995e+00
-1.651053483564939750e+00
-1.647611008700648139e+00
-1.643960872298037446e+00
-1.641009976073181775e+00
-1.637938726533501477e+00
-1.635079918258818932e+00
-1.631673097134504369e+00
-1.628202366692741210e+00
-1.624913531800491029e+00
-1.622763387392226919e+00
-1.619274312105550173e+00
-1.616712877307165064e+00
-1.614264136531071925e+00
-1.610536838853573904e+00
-1.606818766005317256e+00
-1.604483644623360794e+00
-1.601416558019427727e+00
-1.597666153567407266e+00
-1.594502051651315533e+00
-1.591174167415888130e+00
-1.588678119568789349e+00
-1.585265211815080955e+00
-1.581986998815496204e+00
-1.578290110353729681e+00
-1.575942174660910799e+00
-1.572771898209395891e+00
-1.569946564369714803e+00
-1.567288188823727779e+00
-1.563698568737552641e+00
-1.560827855202281622e+00
-1.556766345726558809e+00
-1.553931851798886488e+00
-1.550996290788074328e+00
-1.547076035222853641e+00
-1.544069022405511138e+00
-1.541014255127510113e+00
-1.537751026694375911e+00
-1.534694298021699321e+00
-1.531442719147819265e+00
-1.529268008890269259e+00
-1.525976879739149750e+00
-1.523555829090935232e+00
-1.520133051423993908e+00
-1.517671955070674761e+00
-1.514105307961986391e+00
-1.511569872390201352e+00
-1.508225335080695118e+00
-1.505075023494751640e+00
-1.500796763127931976e+00
-1.498138342229292652e+00
-1.494951742400248751e+00
-1.491516615252869604e+00
-1.489062185542827654e+00
-1.486547704259836955e+00
-1.483336643869967109e+00
-1.480111596738564295e+00
-1.477621404216172607e+00
-1.474578313727362922e+00
-1.470681240188635774e+00
-1.467775474565256477e+00
-1.465276561475855832e+00
-1.461093127945690018e+00
-1.458305396991508074e+00
-1.454951243009098727e+00
-1.452141992234179613e+00
-1.448983661049215499e+00
-1.445510581836418673e+00
-1.442641346745928921e+00
-1.439689198493988131e+00
-1.436531572958516412e+00
-1.433302670714243776e+00
-1.430102180648412435e+00
-1.426366403360095347e+00
-1.423215759982561668e+00
-1.420191051860133058e+00
-1.417124267183503372e+00
-1.414447929714015340e+00
-1.411204060154947149e+00
-1.408346977330993788e+00
-1.405671044512759815e+00
-1.403135165043312371e+00
-1.399505657452934315e+00
-1.396773544381772370e+00
-1.393846110466405941e+00
-1.390968138027858014e+00
-1.388349106635374586e+00
-1.384900351076673308e+00
-1.381637219140259276e+00
-1.379013387622015419e+00
-1.375982601088957091e+00
-1.372946540089775125e+00
-1.369952272586201669e+00
-1.366928908502150097e+00
-1.364310927854645694e+00
-1.361619932319566573e+00
-1.358072052558432663e+00
-1.355040744260510799e+00
-1.351440352909569098e+00
-1.348971903912738801e+00
-1.345472108975453773e+00
-1.341883664950943134e+00
-1.338926067179335710e+00
-1.335589886073831334e+00
-1.332897630115796206e+00
-1.329406343637067778e+00
-1.325640954849683029e+00
-1.322986179808832707e+00
-1.319329391436054433e+00
-1.316510696889456433e+00
-1.313562723440041546e+00
-1.311688683534371958e+00
-1.308183357515555478e+00
-1.305732697786377239e+00
-1.302150807768234664e+00
-1.298814838261759919e+00
-1.296033886840795457e+00
-1.292976001224284577e+00
-1.290230741232103240e+00
-1.287673852825756970e+00
-1.283958873885016505e+00
-1.280026189281496585e+00
-1.277886283192744887e+00
-1.274989460826241761e+00
-1.271846979640031572e+00
-1.269599404116458663e+00
-1.266590454649943354e+00
-1.263443754787565654e+00
-1.260585348755626001e+00
-1.258073106959607168e+00
-1.254600281155682673e+00
-1.252206053853605727e+00
-1.249723971836186776e+00
-1.246495740086830617e+00
-1.243476019907319818e+00
-1.239465098044040037e+00
-1.236324053886247665e+00
-1.233618652129623294e+00
-1.230521930902532146e+00
-1.227367266286976122e+00
-1.224693509942314185e+00
-1.221883360633441162e+00
-1.219011450443871158e+00
-1.215691714718040828e+00
-1.212131818913106507e+00
-1.209314657474464649e+00
-1.206321489746181141e+00
-1.203777495083475424e+00
-1.201130302519386683e+00
-1.198410009014119204e+00
-1.193937483945205713e+00
-1.190909886718243493e+00
-1.187767607992162633e+00
-1.184322674009693710e+00
-1.181273713613474108e+00
-1.178229719445540002e+00
-1.175212173354030387e+00
-1.172926013324263161e+00
-1.170244850431271244e+00
-1.166510500480711698e+00
-1.163564368430174856e+00
-1.160632944361810859e+00
-1.157879251229869899e+00
-1.153779543024557208e+00
-1.151576460522728551e+00
-1.148425929300283643e+00
-1.145581733345767850e+00
-1.142966483232778607e+00
-1.139962500055286876e+00
-1.136748798003910599e+00
-1.133782005056501951e+00
-1.130834180323472493e+00
-1.128235938719751363e+00
-1.124289476095357232e+00
-1.121677349596015949e+00
-1.118415454497156514e+00
-1.115655019151936322e+00
-1.111701288592993331e+00
-1.108933582195660517e+00
-1.105390153653292629e+00
-1.101973544993348986e+00
-1.098707697431849484e+00
-1.095157932489792652e+00
-1.092290713291726778e+00
-1.089718377989627562e+00
-1.087613669758823898e+00
-1.084336531914946056e+00
-1.081703558590656700e+00
-1.078200331645295940e+00
-1.074581530484042480e+00
-1.072261016822546820e+00
-1.069219031541492226e+00
-1.065950940164715366e+00
-1.063501504801131592e+00
-1.060367354256809724e+00
-1.057136912065403056e+00
-1.054086322657402430e+00
-1.051684680706129082e+00
-1.049189174357329168e+00
-1.045800200589934947e+00
-1.042552864342211061e+00
-1.040007346808691224e+00
-1.036947605849488641e+00
-1.033949593354940966e+00
-1.030967234928629850e+00
-1.028262576183278432e+00
-1.024935297664915090e+00
-1.021900581345138947e+00
-1.019168917278527431e+00
-1.015784622498617118e+00
-1.012527103337485412e+00
-1.009820159316157318e+00
-1.007025552718777694e+00
-1.004045643144987121e+00
-1.000528931726386350e+00
-9.981373525220061937e-01
-9.953621477221475944e-01
-9.923112219109723187e-01
-9.888528435789326609e-01
-9.866774318943664079e-01
-9.842852873036886940e-01
-9.818147093340324760e-01
-9.788739198721123635e-01
-9.759666714812221811e-01
-9.724600928110115339e-01
-9.696893973134692590e-01
-9.677731685064113742e-01
-9.638960902862266922e-01
-9.613353174374317245e-01
-9.579622181511643353e-01
-9.546813367763948843e-01
-9.519726745106970034e-01
-9.491344271031649793e-01
-9.459504480970390983e-01
-9.426296754453623583e-01
-9.397561042381599172e-01
-9.363347065163457605e-01
-9.332835245914328226e-01
-9.298772541158144556e-01
-9.269253104226702344e-01
-9.243951712812603638e-01
-9.218055947420809026e-01
-9.183396934306585768e-01
-9.152282538905491815e-01
-9.123257091042725753e-01
-9.086281089772321184e-01
-9.053914629767715327e-01
-9.025401060127923314e-01
-9.002294384990758846e-01
-8.972563388105759818e-01
-8.940760761517628774e-01
-8.909542561547106887e-01
-8.877863291572751780e-01
-8.843518157034419014e-01
-8.816773420444967702e-01
-8.794623321958388029e-01
-8.754474001104987080e-01
-8.728249053890481113e-01
-8.695351739325646312e-01
-8.667753296426083942e-01
-8.636403686063880425e-01
-8.602932586580825935e-01
-8.582332218381324429e-01
-8.547817015507732652e-01
-8.522479855041538155e-01
-8.492330616844920854e-01
-8.459225251634927556e-01
-8.432681689710440631e-01
-8.406915099176254236e-01
-8.368547078786107152e-01
-8.335046298597225123e-01
-8.312061601475362327e-01
-8.281552692361805468e-01
-8.248437063531308677e-01
-8.225809963669700187e-01
-8.195731942216084587e-01
-8.167535232885273500e-01
-8.144380546289624601e-01
-8.120880801824384987e-01
-8.092065607925653659e-01
-8.070363254414019138e-01
-8.038624451396980675e-01
-8.008350391298416637e-01
-7.980147470316476532e-01
-7.946423130119425471e-01
-7.921824377740176448e-01
-7.896859428828659766e-01
-7.867283820782557946e-01
-7.842490209593230288e-01
-7.803745503093667546e-01
-7.778902321796403729e-01
-7.746237290940147791e-01
-7.710839819360661984e-01
-7.690396000078344452e-01
-7.664859846768585783e-01
-7.638702385661779726e-01
-7.610569954636259293e-01
-7.580115820812570737e-01
-7.552490972747930575e-01
-7.514703619630359599e-01
-7.491986306031356291e-01
-7.455272518620509326e-01
-7.428043331101529256e-01
-7.389681918368954383e-01
-7.355618390722197253e-01
-7.329076565401462240e-01
-7.291276232958205927e-01
-7.260470935284298877e-01
-7.230056160926441322e-01
-7.198707622832292152e-01
-7.174734544211910370e-01
-7.149082381074347570e-01
-7.119920916714856940e-01
-7.092142066118980459e-01
-7.061809761620770898e-01
-7.030055360105150752e-01
-7.002952767462211625e-01
-6.977468739805497977e-01
-6.946519327911496733e-01
-6.924224240301164457e-01
-6.902348493364338644e-01
-6.877735271482416923e-01
-6.848986115480040215e-01
-6.813639676991236627e-01
-6.788590039125046438e-01
-6.759915691958827688e-01
-6.736026096501899207e-01
-6.704025007512276479e-01
-6.670218258845010961e-01
-6.645595245240171201e-01
-6.609729701469320151e-01
-6.577359932384252428e-01
-6.552107663854357389e-01
-6.521858756805429813e-01
-6.492836742581522547e-01
-6.469076237041908595e-01
-6.444529627777718650e-01
-6.416358243877061662e-01
-6.397798873015394516e-01
-6.371812568563962609e-01
-6.344182030829471630e-01
-6.312222518273187255e-01
-6.284107990634687502e-01
-6.249546191960010377e-01
-6.223316969592443959e-01
-6.194457854886795678e-01
-6.161013796746582782e-01
-6.130077651587669818e-01
-6.105629708323113691e-01
-6.067331873622207050e-01
-6.046362867792270945e-01
-6.012878670404124826e-01
-5.979891858597394805e-01
-5.960289333019648250e-01
-5.939495144392867854e-01
-5.908274611889068328e-01
-5.877399420776623362e-01
-5.850797405047588606e-01
-5.815567742889035108e-01
-5.783849749994699474e-01
-5.761358413394735978e-01
-5.737900610088852993e-01
-5.705280875539476826e-01
-5.674877100444920552e-01
-5.642836460995288572e-01
-5.618349433513224467e-01
-5.595239405861871518e-01
-5.569933231974514287e-01
-5.537377260013378599e-01
-5.508991023647206164e-01
-5.481301390207083957e-01
-5.445877564507767277e-01
-5.417726637950918134e-01
-5.393420803458897073e-01
-5.366799525612346855e-01
-5.336195499297188283e-01
-5.304045028292078134e-01
-5.267808893381984436e-01
-5.244281406298283432e-01
-5.216541930941835936e-01
-5.197129407115647082e-01
-5.170665871769871691e-01
-5.145884100671439532e-01
-5.118358457229624792e-01
-5.086560551963604793e-01
-5.060033000709770468e-01
-5.032941560685060267e-01
-5.002820785078690990e-01
-4.980823523105488704e-01
-4.955010332935682604e-01
-4.921679327202543863e-01
-4.890447609846222954e-01
-4.861791213320060256e-01
-4.831223159265061184e-01
-4.802383446019863888e-01
-4.770417616928438465e-01
-4.744714392132693415e-01
-4.719782245889651007e-01
-4.691849279813035123e-01
-4.655999329060894754e-01
-4.636813949107532751e-01
-4.615603890713021462e-01
-4.595459714849006727e-01
-4.561900010049387277e-01
-4.529209032569063709e-01
-4.503905057280608304e-01
-4.478177393410792129e-01
-4.452303948257199662e-01
-4.422140827595187340e-01
-4.389520644325580201e-01
-4.366535654418238210e-01
-4.337460642812747125e-01
-4.300480372333224111e-01
-4.275053508251229761e-01
-4.241979261298732817e-01
-4.213189455446224585e-01
-4.184741825031602080e-01
-4.152372752349153262e-01
-4.131097857565313447e-01
-4.104546104056702172e-01
-4.074918341312516179e-01
-4.051235427545061829e-01
-4.027950362285576680e-01
-4.002322731372918718e-01
-3.975578260569198052e-01
-3.942793627228986519e-01
-3.916681465215962610e-01
-3.884387688713225595e-01
-3.856926081080442326e-01
-3.822778965487056424e-01
-3.793312460274339548e-01
-3.764775547023890279e-01
-3.731622484343609103e-01
-3.693430407134182247e-01
-3.662531802688457350e-01
-3.635013459987377904e-01
-3.608236084235812990e-01
-3.580164053093082832e-01
-3.550314735227114160e-01
-3.529785190579358134e-01
-3.501958450359196062e-01
-3.476980992544442817e-01
-3.446184428442278791e-01
-3.424037292195537541e-01
-3.389493421636302628e-01
-3.362563230001829884e-01
-3.342735914765547212e-01
-3.313537572281410326e-01
-3.286148735727726367e-01
-3.253120939159159231e-01
-3.220071484599171252e-01
-3.198735515854504996e-01
-3.167053591309950678e-01
-3.126719851895189417e-01
-3.102642514813973018e-01
-3.073920193616486163e-01
-3.052003015938837271e-01
-3.033096024451550354e-01
-3.006044351256897951e-01
-2.978287542239192454e-01
-2.950977177267023466e-01
-2.920905669146411365e-01
-2.885840312764432758e-01
-2.853399291228012058e-01
-2.825373078530100113e-01
-2.799165734906530756e-01
-2.769403549504821371e-01
-2.741019727796062400e-01
-2.706020643055252473e-01
-2.671296839459802452e-01
-2.642153780892433357e-01
-2.616351847061891833e-01
-2.590977218184690178e-01
-2.562071575942437840e-01
-2.535018115249720871e-01
-2.506002001077950458e-01
-2.480325314707725881e-01
-2.451660990647238636e-01
-2.426363707357390154e-01
-2.401577394884652494e-01
-2.376070003329438518e-01
-2.348527848381085359e-01
-2.311248022851764006e-01
-2.282941340994856516e-01
-2.261789854493615748e-01
-2.231594680227124428e-01
-2.203586710317967656e-01
-2.175588822108223963e-01
-2.150311415760582656e-01
-2.125894067538744436e-01
-2.098505592891647120e-01
-2.068187417562569463e-01
-2.043964134305917280e-01
-2.015767515748322636e-01
-1.979587137713862688e-01
-1.951344988917812773e-01
-1.925032173185289575e-01
-1.901757450776058178e-01
-1.878097266451997926e-01
-1.848157827392195862e-01
-1.817425055038977000e-01
-1.796111128661030676e-01
-1.777436645708198037e-01
-1.744055139281930067e-01
-1.713073251183632462e-01
-1.686763575207220756e-01
-1.664518829308301306e-01
-1.636041176913589357e-01
-1.611800167086568925e-01
-1.590380414694189115e-01
-1.556097118682281122e-01
-1.537734221158573999e-01
-1.508920737322008987e-01
-1.482460329472901905e-01
-1.459101180361975780e-01
-1.431641503147744743e-01
-1.414023031878531289e-01
-1.387223444636180025e-01
-1.361883931277356186e-01
-1.338456860717106844e-01
-1.306312751508527659e-01
-1.275715568986322546e-01
-1.233851731585701023e-01
-1.201084985151340129e-01
-1.171747831531992495e-01
-1.149215446445825128e-01
-1.126701104914431678e-01
-1.096629111911906762e-01
-1.066604828763185325e-01
-1.041511288740971930e-01
-1.015351940186932228e-01
-9.920118420087239985e-02
-9.573978392818353889e-02
-9.241756540670835463e-02
-9.022371519268462814e-02
-8.705835668231588775e-02
-8.498684800101127812e-02
-8.326656885263145069e-02
-8.084768336310323156e-02
-7.858284015438932180e-02
-7.578985957118421213e-02
-7.265958136380831767e-02
-7.014926696282233753e-02
-6.692754610365050927e-02
-6.414294759260857903e-02
-6.208285798313947779e-02
-5.974956800199403978e-02
-5.748738241000897475e-02
-5.310056141755355869e-02
-5.052246828884281171e-02
-4.721694914254379039e-02
-4.449469550437110121e-02
-4.185009212236637938e-02
-3.930696832845708560e-02
-3.598855762090766297e-02
-3.251801760479678532e-02
-2.990998594969336219e-02
-2.743137643964509848e-02
-2.537971357013115922e-02
-2.255508200306514249e-02
-2.018205143608215249e-02
-1.781435668545342660e-02
-1.571270699376131272e-02
-1.246247028458704297e-02
-8.672043075160758632e-03
-5.683695515839350294e-03
-3.080498874012227266e-03
-2.492782241086214591e-05
2.993585673784727227e-03
7.169856273594087982e-03
1.001065117554911753e-02
1.234231482174317877e-02
1.510295455746436463e-02
1.743711544887274409e-02
2.010946050577473720e-02
2.257119441941976209e-02
2.494400448825331157e-02
2.776676557937376305e-02
3.106806090366650425e-02
3.301199809368107752e-02
3.548517962519495000e-02
3.889227535111255268e-02
4.134164067653738756e-02
4.462486132832153146e-02
4.733467942619382085e-02
4.938348649748029728e-02
5.164222479457148546e-02
5.423611249604251561e-02
5.641996404908285884e-02
6.057696969456336650e-02
6.269995898742111717e-02
6.549226040631592194e-02
6.852927110838508140e-02
7.188116553803061692e-02
7.536953505987636914e-02
7.763651794253939586e-02
8.065229974130355695e-02
8.414535307612339143e-02
8.698057934737422892e-02
8.928575972250012149e-02
9.199940847886875495e-02
9.387549098848603502e-02
9.634156820610767502e-02
9.846650357542342802e-02
1.010978407547338115e-01
1.033083336265570168e-01
1.050956652104121508e-01
1.074162464879333534e-01
1.103965606409855471e-01
1.122229133058054301e-01
1.149324900984175085e-01
1.174111649844526012e-01
1.197729553987923606e-01
1.230915138086895178e-01
1.255392743500324537e-01
1.281968281641789609e-01
1.316012020197833976e-01
1.341444039510123198e-01
1.362110770411039118e-01
1.397935701855658741e-01
1.417812469096060846e-01
1.453694295639640366e-01
1.478616682759925083e-01
1.504127581029462146e-01
1.532698657677009080e-01
1.562607605871181859e-01
1.591058034513032904e-01
1.618065283196183091e-01
1.638334567304277900e-01
1.664825527418579421e-01
1.684245494038550117e-01
1.707344024841372654e-01
1.735902844735713602e-01
1.773135832523865807e-01
1.797855696959786698e-01
1.827494505752297327e-01
1.849655147226427487e-01
1.868493105109417241e-01
1.896695394781949817e-01
1.922956791506157392e-01
1.944869159553264393e-01
1.972366715544875693e-01
1.999264304398341019e-01
2.026167437806182248e-01
2.053910528184542672e-01
2.076352573551027703e-01
2.110729340289749512e-01
2.142173507289757139e-01
2.171529070814298690e-01
2.192147977307330464e-01
2.217103930622437435e-01
2.233376257072905990e-01
2.270079857219969022e-01
2.296227107761365516e-01
2.321226780163330727e-01
2.341339412798091602e-01
2.367570736294886957e-01
2.405798862710665231e-01
2.426825438379779654e-01
2.460569738726617883e-01
2.487728793960903573e-01
2.505870511272706436e-01
2.529380564341284776e-01
2.547402536464289935e-01
2.571621229641045114e-01
2.609454472878512954e-01
2.632387225544377540e-01
2.661324174509525076e-01
2.693961804957156203e-01
2.722629616600331648e-01
2.757316450268484931e-01
2.790322628729410837e-01
2.825766067339623988e-01
2.848834472743000390e-01
2.872425253996098715e-01
2.901874082093863771e-01
2.924769005218291751e-01
2.946446570823882394e-01
2.971375668229779277e-01
2.995358238154725572e-01
3.025237317554937411e-01
3.054495758368186986e-01
3.085642980475686303e-01
3.116165915207497195e-01
3.134933605190106665e-01
3.161913500856591841e-01
3.195402639948058399e-01
3.217893198512805086e-01
3.245263621517178732e-01
3.268906081078228332e-01
3.295351100783723841e-01
3.318958441772661971e-01
3.335722582525976754e-01
3.367114147562219051e-01
3.394377367051716332e-01
3.425299553835979838e-01
3.449398451280633049e-01
3.475052257118242949e-01
3.510257812200004435e-01
3.534963924630635246e-01
3.566869830946305941e-01
3.591686381893041125e-01
3.629649393238663091e-01
3.654975191998017237e-01
3.678291521614037163e-01
3.700523065185551408e-01
3.726809258852601947e-01
3.750455862075106617e-01
3.784539847007612479e-01
3.803840398850609761e-01
3.837953788604193117e-01
3.872131695422440512e-01
3.892939654714824282e-01
3.918282762915518136e-01
3.949788682182128197e-01
3.968536957665492193e-01
3.983075742293123445e-01
4.006653020925945996e-01
4.039559786877521264e-01
4.066683476904430217e-01
4.093913054676452945e-01
4.121342038710318900e-01
4.138750743899158868e-01
4.165114139293292772e-01
4.191277022065597047e-01
4.228434023043766143e-01
4.254791757387919593e-01
4.276206331568035424e-01
4.298720632054694457e-01
4.331321940958227090e-01
4.355204576231258562e-01
4.390833784256304440e-01
4.421343185178700508e-01
4.446917984406143498e-01
4.467876285336478959e-01
4.509653844491106622e-01
4.540523175008858714e-01
4.575718539678554353e-01
4.602585589958784751e-01
4.627142786663431262e-01
4.655673715445978744e-01
4.673389843388130460e-01
4.703425808657933915e-01
4.732084101433843837e-01
4.755831020687918409e-01
4.794349912781361023e-01
4.817959601946356640e-01
4.841434580231808171e-01
4.870571508658441684e-01
4.898577677361879434e-01
4.929034876231160323e-01
4.961422960357574907e-01
4.988276986498958454e-01
5.005714130924985295e-01
5.031537453407201044e-01
5.051264155990451421e-01
5.077759314103252875e-01
5.108595660608622469e-01
5.138967572237427284e-01
5.166668960018211409e-01
5.186261092563656527e-01
5.218063672071046044e-01
5.239262965138878902e-01
5.264969046052814239e-01
5.287491749406502128e-01
5.322075197352714726e-01
5.349521831942383177e-01
5.368622490545029713e-01
5.405167945753581726e-01
5.430804952712724454e-01
5.452266499857839621e-01
5.479625441805799912e-01
5.508353687168824342e-01
5.547061531420538483e-01
5.572435335590910643e-01
5.603670130114051240e-01
5.630670838625158048e-01
5.664041935691584984e-01
5.686667850326972973e-01
5.713537978648740578e-01
5.740047268177587148e-01
5.761037950180263323e-01
5.791542262522665352e-01
5.821057064343343468e-01
5.850670074554645828e-01
5.883244933190578951e-01
5.908381677673915089e-01
5.931462562192141297e-01
5.961865330879534408e-01
5.983002166755887474e-01
6.009739124446598080e-01
6.036967124614981417e-01
6.065617697175899048e-01
6.097434145337332634e-01
6.111057257736342008e-01
6.140501269430045372e-01
6.168587627687105446e-01
6.192426028378567038e-01
6.220012589179113593e-01
6.249568229292118415e-01
6.271720320336146015e-01
6.307626369337208105e-01
6.338829989192868997e-01
6.357274027572105135e-01
6.385205801226929712e-01
6.407403968452564103e-01
6.427480028636798348e-01
6.454190138873342475e-01
6.475545611131726664e-01
6.496683802470664126e-01
6.527074179197975834e-01
6.552066425786027271e-01
6.580820573586200206e-01
6.619224153535798738e-01
6.647005528861569257e-01
6.666913367303972660e-01
6.688583060671223768e-01
6.707755428962759447e-01
6.733993915688762932e-01
6.764356943181455417e-01
6.797364117440414244e-01
6.821185753465095480e-01
6.849247687333505086e-01
6.871140973354606940e-01
6.898822058694630277e-01
6.923148451056282404e-01
6.949985516802239527e-01
6.979752830897292259e-01
7.004512399287665669e-01
7.033276238923590329e-01
7.063318637239027753e-01
7.091661873397516747e-01
7.113922336893653275e-01
7.137437869691911629e-01
7.159857007119395655e-01
7.184460881156888856e-01
7.204408303771395738e-01
7.227668174906508591e-01
7.248697880748659061e-01
7.281204764371035365e-01
7.301095710165718122e-01
7.318712846513524273e-01
7.355103481491728212e-01
7.380452549387215289e-01
7.411423613717934566e-01
7.445646430303090035e-01
7.473216079530174971e-01
7.508951892275145257e-01
7.533220946893848247e-01
7.560590422840582914e-01
7.582221441153177421e-01
7.611709625141845903e-01
7.632403951873329984e-01
7.661312965672004704e-01
7.686151860151534398e-01
7.706568779653534262e-01
7.730256647396397396e-01
7.758311083462846591e-01
7.787573370288068952e-01
7.808534318190034629e-01
7.847821962174816868e-01
7.872168971093557177e-01
7.901761454999988166e-01
7.927373239865721510e-01
7.957902702487429369e-01
7.984039128684548015e-01
8.005503494189255553e-01
8.039442233975523378e-01
8.062633502469124247e-01
8.085495186178792704e-01
8.101665812146625623e-01
8.123304495562304606e-01
8.146836488625195383e-01
8.168196984607087874e-01
8.190408336686975099e-01
8.214331431843235887e-01
8.242103564195685239e-01
8.265919297979896774e-01
8.286017166350404528e-01
8.311167659799096885e-01
8.341791062167295268e-01
8.368477913590440798e-01
8.395835403975264732e-01
8.417608132879161875e-01
8.461629608691023652e-01
8.484081697614312967e-01
8.521553971214020917e-01
8.546493097409644246e-01
8.573348949664847396e-01
8.602365355830089433e-01
8.627003627646312456e-01
8.662197351446282445e-01
8.695395958611051856e-01
8.714058146709394714e-01
8.733589258809251188e-01
8.751618611177952589e-01
8.788209512749891594e-01
8.811779517440150311e-01
8.835071857054678235e-01
8.856754169187145420e-01
8.879112539947224825e-01
8.918145657113478730e-01
8.961141270621992838e-01
8.985034037807005936e-01
9.012892486372940937e-01
9.052349483426834764e-01
9.080041274131377405e-01
9.103558751530146376e-01
9.129872663698301860e-01
9.159297031193459615e-01
9.181818219503143919e-01
9.204694373947800434e-01
9.221483394192998562e-01
9.249272322715971217e-01
9.274164501186760168e-01
9.294478664662324530e-01
9.324570877049436213e-01
9.336416611017913647e-01
9.375010497679369115e-01
9.398526101361414087e-01
9.417657622798552008e-01
9.444897205486124658e-01
9.490882384757591828e-01
9.510747388448396178e-01
9.529046289883739140e-01
9.560839043381132996e-01
9.590741064735445187e-01
9.611231858311864995e-01
9.637180500943915984e-01
9.656709588314541515e-01
9.681051882251556773e-01
9.704207613336447436e-01
9.729182734462779036e-01
9.758436383510317169e-01
9.783044824717700427e-01
9.800921887335839466e-01
9.821106904741702115e-01
9.841864968565801064e-01
9.875816233852304782e-01
9.903868308222621986e-01
9.934083232240785710e-01
9.958558090802287488e-01
9.986537266469072138e-01
1.001631828354644149e+00
1.004370290346561223e+00
1.007197545904234826e+00
1.010505568181464309e+00
1.012890315643291128e+00
1.014385133622085267e+00
1.017514638940086202e+00
1.019333388093250470e+00
1.022069114371517706e+00
1.024477371718338858e+00
1.027310251393328988e+00
1.029683063441609647e+00
1.033257956679164424e+00
1.036445062470784606e+00
1.038799098500361451e+00
1.041641992334898514e+00
1.043937030216558481e+00
1.047846177019002845e+00
1.050158286031477761e+00
1.052298220300017295e+00
1.055090753440146356e+00
1.056914378062215887e+00
1.059677931178629295e+00
1.062504326854988301e+00
1.065755834906079169e+00
1.068230342892017903e+00
1.070517693610432364e+00
1.073146424959873668e+00
1.075592645524238833e+00
1.078377714362880324e+00
1.081215980270524568e+00
1.084108631925549515e+00
1.086234893805936741e+00
1.088684719083805597e+00
1.090227798302138451e+00
1.092631274582969603e+00
1.094705861067324149e+00
1.097464933413873966e+00
1.099642934396533267e+00
1.103251618152174318e+00
1.105406947590343858e+00
1.108700227796216353e+00
1.110699450201867666e+00
1.112272176590218598e+00
1.116926032833389648e+00
1.118892214510891270e+00
1.120869828072770247e+00
1.124215052979302243e+00
1.126970949144418199e+00
1.129625629398870679e+00
1.131687976054893685e+00
1.133969333983937400e+00
1.136657049182396406e+00
1.139269634756693739e+00
1.142095260290004521e+00
1.144309965796338258e+00
1.146385993077974730e+00
1.149893694063770511e+00
1.152684039954603445e+00
1.155531922248044685e+00
1.157606012421029229e+00
1.160039542196600992e+00
1.162218859779549085e+00
1.164537565231926530e+00
1.167593197627897261e+00
1.169589867595479449e+00
1.171947220220302288e+00
1.174246526922039013e+00
1.176941557570040153e+00
1.179780960473046036e+00
1.182738180739259404e+00
1.185362372895983674e+00
1.187506630501603988e+00
1.189758427699038501e+00
1.192734874910089893e+00
1.194940359205580283e+00
1.196933795460985106e+00
1.200577657277622778e+00
1.203701752298714789e+00
1.205936472262998826e+00
1.208606007750066658e+00
1.210230684429830950e+00
1.213187654900928614e+00
1.215854009422403292e+00
1.217875590374229322e+00
1.220281459439825467e+00
1.223120792442724314e+00
1.225489898243966369e+00
1.228478386765669672e+00
1.230421773347623482e+00
1.233358244049913344e+00
1.236798088758616521e+00
1.239721253170423143e+00
1.241877006378845349e+00
1.243968124888495730e+00
1.246799454196459989e+00
1.250406299374801744e+00
1.253027525417766297e+00
1.255499122077499585e+00
1.257600492102812106e+00
1.259745976886922580e+00
1.262089868093099199e+00
1.264389718858986988e+00
1.267881063660924346e+00
1.270340341046160004e+00
1.273594136523687581e+00
1.276739928084176023e+00
1.280738346343871292e+00
1.284204438502839052e+00
1.287129950959111646e+00
1.289277803331742911e+00
1.292057769539714629e+00
1.293517502219199811e+00
1.296413491640932891e+00
1.299274271869202524e+00
1.301160251527526679e+00
1.303548527181476180e+00
1.305896460967805650e+00
1.308779826250831446e+00
1.311658366100814987e+00
1.314355721613699624e+00
1.318126525579318642e+00
1.319997253224688194e+00
1.322169042917921811e+00
1.324305701293661208e+00
1.325874190137018127e+00
1.329656136389427923e+00
1.332030239492123735e+00
1.334832157510522421e+00
1.337234406000862297e+00
1.340150736244438257e+00
1.342950233866395893e+00
1.345879185412085510e+00
1.347577199206815068e+00
1.349419928786603551e+00
1.353047756049062800e+00
1.356426164424545222e+00
1.359331397611702297e+00
1.362469519082591285e+00
1.365151720313605432e+00
1.367102711474009302e+00
1.370421320718843150e+00
1.372573287955522137e+00
1.374157955864443670e+00
1.377553563001123971e+00
1.379765880576580006e+00
1.381996587973830737e+00
1.385526650102814727e+00
1.388766683257235401e+00
1.391400710851976585e+00
1.393560500232951194e+00
1.396529195274311963e+00
1.400238198723530614e+00
1.402935362494756699e+00
1.406190979712016009e+00
1.408493092836812899e+00
1.411399390002514354e+00
1.414318161097657178e+00
1.417643151989814498e+00
1.421228631762315953e+00
1.424064183189338140e+00
1.427196559084203731e+00
1.430259693535920862e+00
1.432595068193203369e+00
1.434248254857091176e+00
1.436711804778432411e+00
1.438142167701542018e+00
1.441354463390760010e+00
1.443294870132191710e+00
1.446161333689442108e+00
1.448095648477817576e+00
1.450896762863074896e+00
1.453588622664791830e+00
1.455639628708338185e+00
1.457992302903147186e+00
1.460727484830572909e+00
1.463327591978366149e+00
1.466667115403649024e+00
1.468935621542893033e+00
1.470971504773822547e+00
1.473591621261294504e+00
1.475859247525442175e+00
1.478339424891841114e+00
1.480891966247792624e+00
1.482962327239309763e+00
1.485618653683862256e+00
1.488021358675218009e+00
1.490502373993118024e+00
1.493609508546003495e+00
1.496002963722843138e+00
1.499171079440309473e+00
1.502382457525162973e+00
1.506254344511911425e+00
1.508304200767533798e+00
1.509218724652748644e+00
1.511079636794656844e+00
1.514128765747906780e+00
1.516705781623625793e+00
1.519037672930017679e+00
1.521982297681991891e+00
1.523758635666656369e+00
1.526318698033540366e+00
1.528914366667259550e+00
1.531461306902711872e+00
1.533529091555354329e+00
1.535854061776436463e+00
1.538538357076741248e+00
1.540986689877044347e+00
1.543018727351126218e+00
1.544572793370382557e+00
1.547735621891708435e+00
1.550410654325162785e+00
1.553000341797165396e+00
1.555009319747254093e+00
1.558603702702933358e+00
1.560935587760414300e+00
1.563704106080904266e+00
1.566531151307514635e+00
1.568628770063449362e+00
1.569740584125225435e+00
1.573033337906315277e+00
1.575846963003834533e+00
1.578892339288774149e+00
1.581668133142286159e+00
1.584843800043218787e+00
1.586963524955294469e+00
1.589127934539687592e+00
1.592571322292270830e+00
1.595070564253910250e+00
1.597131061390285600e+00
1.598891211865371309e+00
1.601731854912197495e+00
1.604507979971331322e+00
1.606060180924758551e+00
1.608835611593072867e+00
1.611634092065489021e+00
1.613758694263240923e+00
1.615714717705162284e+00
1.618507227213339839e+00
1.620965507327514654e+00
1.624844813349551220e+00
1.627137115380802079e+00
1.628911628806051892e+00
1.631720463699923407e+00
1.633642779400644063e+00
1.636616870778345723e+00
1.639053842646590153e+00
1.642044939860511255e+00
1.646196689071943053e+00
1.648475129000405159e+00
1.651025626067169405e+00
1.654415158973260969e+00
1.657528331943610489e+00
1.659367896078534743e+00
1.661869362458620270e+00
1.665474974784236117e+00
1.667854131960876396e+00
1.669639999705769817e+00
1.672269639664350604e+00
1.675274052461488861e+00
1.677806888178639877e+00
1.679671285316028939e+00
1.680821468388912443e+00
1.683893832809374658e+00
1.686876483911384561e+00
1.688893985317314383e+00
1.690526617114206154e+00
1.693302860222656525e+00
1.696565155575304074e+00
1.699596573231508589e+00
1.702282431303375976e+00
1.703922624639652383e+00
1.706190758039486610e+00
1.709161250403846477e+00
1.711203344750608091e+00
1.715904728184870498e+00
1.718259498979798572e+00
1.720343490068869663e+00
1.723647041822331527e+00
1.726470411054737086e+00
1.729570862441008217e+00
1.732285868812412533e+00
1.735193137337927904e+00
1.736894000953659312e+00
1.738915316873637540e+00
1.741415918502838833e+00
1.744471013132059767e+00
1.747128689543093971e+00
1.749738479060126473e+00
1.751852825391629453e+00
1.754201334625878017e+00
1.757968221681488696e+00
1.762424251610105186e+00
1.765672529938296043e+00
1.768774665683858549e+00
1.770966229338774900e+00
1.772671101906811542e+00
1.774925455168241406e+00
1.776844543744662053e+00
1.779677893754837426e+00
1.782374065558277598e+00
1.785560458106299597e+00
1.787650197044535982e+00
1.791889276512093065e+00
1.794313308980578059e+00
1.796683099222268432e+00
1.799115611894241518e+00
1.801799964952240929e+00
1.803006685187095171e+00
1.806369069461210453e+00
1.808736009408445700e+00
1.811103670755348505e+00
1.813871106018857038e+00
1.816025477556668877e+00
1.820076427300828747e+00
1.822481513373672035e+00
1.826243546856342492e+00
1.828236739278996437e+00
1.831189898771879099e+00
1.834380746081590852e+00
1.835973342031888667e+00
1.838960361750658468e+00
1.842017008945243450e+00
1.844372771346183937e+00
1.847921501256795329e+00
1.850858449365850422e+00
1.854291266022742635e+00
1.856495796104290052e+00
1.858323998829030099e+00
1.860708249935044245e+00
1.862912895562761406e+00
1.865263859482010789e+00
1.867837064031151462e+00
1.870999638810850518e+00
1.873860335959655510e+00
1.876370716900345625e+00
1.879338366547622652e+00
1.882306659499562773e+00
1.883508006680188140e+00
1.886705458189332107e+00
1.888856871546349403e+00
1.892288820145257011e+00
1.894761823758916774e+00
1.897485888427362655e+00
1.900484221955949016e+00
1.902232134732308566e+00
1.904221718874012481e+00
1.906843024637470796e+00
1.910167642195971904e+00
1.912325422934062935e+00
1.914096751984494471e+00
1.916478246812790776e+00
1.920123155529738224e+00
1.922675209637857652e+00
1.924877191843834767e+00
1.927135884223026618e+00
1.930684113680930070e+00
1.933163880946691338e+00
1.935298087013266777e+00
1.937380786201355010e+00
1.940526855215903401e+00
1.942841178278081227e+00
1.945264090959659686e+00
1.947943891180939469e+00
1.950595412483687729e+00
1.953893499053074301e+00
1.956227875502372759e+00
1.958483535350652227e+00
1.961364368936054481e+00
1.964304557257167572e+00
1.967011545677598727e+00
1.970136508191967062e+00
1.972740556087924313e+00
1.975429925281483090e+00
1.977069913217521568e+00
1.979599998723629017e+00
1.981928887192523803e+00
1.985020269983305274e+00
1.987196596780292035e+00
1.990465426095106682e+00
1.992219289097606261e+00
1.995748690267004077e+00
1.998139211788340086e+00
2.000562053343697411e+00
2.002690577081655210e+00
2.004760315549248162e+00
2.006707706203805675e+00
2.009111123881323291e+00
2.011744395038134403e+00
2.013922110573823421e+00
2.016327548841711170e+00
2.018462438579700535e+00
2.021401644850070678e+00
2.023950552127069979e+00
2.027186297466635256e+00
2.029750115087470608e+00
2.032165744059190260e+00
2.033696743098746929e+00
2.036049469896930919e+00
2.038391531380326249e+00
2.041048041755411102e+00
2.042970848467850598e+00
2.045339157635626126e+00
2.048410470860765997e+00
2.051226102732603529e+00
2.054255083908091972e+00
2.056309813159888034e+00
2.059489507016929899e+00
2.061870817496162189e+00
2.064316005197450732e+00
2.066291766796625406e+00
2.069940155550569205e+00
2.072968271335608570e+00
2.075979258970196195e+00
2.078589302473705658e+00
2.081166215345763515e+00
2.083597029664756128e+00
2.087603140020717341e+00
2.089455273041862515e+00
2.092132438086621082e+00
2.094136092457388632e+00
2.096565082922177581e+00
2.098348324718625424e+00
2.101461266735860534e+00
2.103141910770061518e+00
2.106678986892187133e+00
2.108907113733791139e+00
2.110907129545645411e+00
2.112582498401968323e+00
2.115898431868703522e+00
2.119069562508109072e+00
2.120607369137597953e+00
2.124544096180549513e+00
2.128126001863129169e+00
2.129920006746641725e+00
2.132789037810565613e+00
2.135793908402475072e+00
2.137707067708913389e+00
2.140225589131484085e+00
2.142655526569476443e+00
2.145154085012781930e+00
2.147392966666640479e+00
2.150694234389411541e+00
2.153549375174306224e+00
2.155601480704354422e+00
2.158638503296628652e+00
2.160618832363397246e+00
2.163773102655176750e+00
2.165904761628604014e+00
2.168696520794624494e+00
2.171388049917970964e+00
2.172982787383442194e+00
2.175433877676508754e+00
2.178430023854565523e+00
2.180245877299482604e+00
2.182031651971010788e+00
2.184512736150947987e+00
2.186522904655546551e+00
2.189890207442807046e+00
2.193022216804770164e+00
2.195852001256681785e+00
2.198492719356665237e+00
2.202106201775099859e+00
2.204693088711500604e+00
2.207182564341015674e+00
2.209421214803021449e+00
2.211745838727796620e+00
2.214568335650878517e+00
2.216624870631805688e+00
2.219467293178992939e+00
2.221665541057059823e+00
2.223919148837163906e+00
2.226546213854577516e+00
2.230428421785470849e+00
2.232187241823543555e+00
2.234304411335201301e+00
2.236710273159075779e+00
2.239143936420961989e+00
2.242388816483188219e+00
2.245012428846898001e+00
2.247482852801619302e+00
2.249925455556565979e+00
2.252323980644305834e+00
2.254265545791139580e+00
2.256974272513364799e+00
2.259657276383648661e+00
2.261390559006058343e+00
2.264021039501769028e+00
2.266125289587376912e+00
2.268371692814894480e+00
2.270339710273244993e+00
2.272978052947145056e+00
2.275222282583569289e+00
2.278910262081462967e+00
2.281837224372054607e+00
2.285327719088836584e+00
2.288035936561691575e+00
2.289760283291313314e+00
2.292131590608545988e+00
2.294666886781177695e+00
2.297193292468601378e+00
2.299067671530361068e+00
2.301351048376905073e+00
2.304191675498671987e+00
2.306113497218475583e+00
2.308665555528468971e+00
2.310781647584577492e+00
2.313065553547902109e+00
2.316489206002129375e+00
2.317972011893048023e+00
2.321293469399583032e+00
2.324565906877610555e+00
2.327564181762950213e+00
2.330294082257439392e+00
2.332935093334309595e+00
2.335005190046017809e+00
2.339184172089039837e+00
2.340956100618358349e+00
2.343216835009766630e+00
2.345330390595473435e+00
2.347978954641476879e+00
2.350419269505006792e+00
2.352874315354636980e+00
2.355441023292537128e+00
2.358245242190703639e+00
2.360522838298509285e+00
2.363827025572931007e+00
2.365988760041968231e+00
2.368852477996694628e+00
2.372299205769108799e+00
2.375578201468499184e+00
2.377756505394490016e+00
2.380128143432740373e+00
2.384005320641898962e+00
2.386322399777849323e+00
2.389265551720371139e+00
2.391101767324769423e+00
2.393937269036535032e+00
2.396344848990242138e+00
2.398286503384317925e+00
2.401052044320992174e+00
2.402531884030782994e+00
2.404847901669252774e+00
2.407129989607958098e+00
2.409655265424114123e+00
2.411746415017598011e+00
2.414393453630839126e+00
2.416960399440149398e+00
2.419005065909447083e+00
2.421041530177616696e+00
2.423530797013165206e+00
2.425747328280969395e+00
2.429311852391747184e+00
2.431085209021114135e+00
2.433133548674611291e+00
2.436269130213427836e+00
2.438310141240287443e+00
2.440587217565968192e+00
2.442642514675767096e+00
2.445622758973855948e+00
2.447894976948940204e+00
2.450753311795106804e+00
2.453724339821835354e+00
2.456859901162539828e+00
2.459951984527796842e+00
2.463451839512845076e+00
2.465531106890555879e+00
2.468501721307297281e+00
2.471189930708022509e+00
2.474250600948157075e+00
2.477669457823425514e+00
2.480383984166098621e+00
2.482635410805654086e+00
2.484870449595411479e+00
2.486511612788540493e+00
2.488874019690422656e+00
2.491595051611401157e+00
2.495162465057942924e+00
2.497290278356020465e+00
2.499664397475505062e+00
2.502550860740578642e+00
2.505593266657190288e+00
2.508873521121850025e+00
2.510806512105896449e+00
2.512697543296667835e+00
2.514610893726183960e+00
2.516952865036907294e+00
2.520457599800654425e+00
2.523689125506193065e+00
2.526241240055083548e+00
2.529042906271675051e+00
2.531097989311570817e+00
2.533667546659898573e+00
2.535983793508578721e+00
2.538793099991294433e+00
2.542451661115949335e+00
2.544176002286846039e+00
2.546615001297988456e+00
2.549440543119854574e+00
2.551531492648926314e+00
2.554362989995901057e+00
2.556690551205759832e+00
2.558817579140496790e+00
2.561170244496953519e+00
2.563436735424558854e+00
2.565912924410418849e+00
2.568039808668400426e+00
2.570107507870730057e+00
2.573210309491351211e+00
2.575637071383559462e+00
2.577953476995083815e+00
2.581964854352393868e+00
2.584555193629108683e+00
2.587320820638407959e+00
2.589214338079370403e+00
2.591901933267341640e+00
2.593858055172768129e+00
2.595981873189593614e+00
2.599301881387766411e+00
2.601753076630334949e+00
2.603957167350618995e+00
2.606115825230596705e+00
2.609034848198480638e+00
2.611357213492110141e+00
2.613855289809406734e+00
2.616543269162123320e+00
2.618913688966311604e+00
2.620788692933485819e+00
2.624051952209994987e+00
2.627052460996134542e+00
2.630028066214822324e+00
2.632523012338268131e+00
2.635990490869154712e+00
2.639053729806107196e+00
2.640805885813121812e+00
2.642371170834067140e+00
2.645231443955372352e+00
2.647189624743611969e+00
2.649547440573960078e+00
2.652431039590121387e+00
2.655601869846800245e+00
2.656707504836159028e+00
2.659152211565622093e+00
2.661914305723445562e+00
2.664570974733949882e+00
2.666242071806495417e+00
2.668996352706427544e+00
2.671869979018250074e+00
2.674126197850911435e+00
2.676306973534352096e+00
2.678941822991049992e+00
2.681061514663146905e+00
2.685086975971317180e+00
2.687646881417923517e+00
2.689344266993221488e+00
2.692571877009271919e+00
2.695074242246544127e+00
2.697745089887079395e+00
2.701152168273656784e+00
2.704303932720670822e+00
2.706312872630711297e+00
2.709798064722447997e+00
2.712481138742795839e+00
2.714324238060798145e+00
2.716375748878798735e+00
2.719009381153254079e+00
2.720836502244817989e+00
2.723466086227832150e+00
2.725988473265816836e+00
2.729921757427651752e+00
2.732288602034914415e+00
2.734524611169635744e+00
2.737963574294272284e+00
2.740319996916693590e+00
2.743303352045179277e+00
2.745229751290336750e+00
2.747031641472405639e+00
2.750107730447604926e+00
2.752803125457286448e+00
2.754922478426778731e+00
2.757554843838173841e+00
2.760879303400816109e+00
2.762527713376215388e+00
2.764735816491859843e+00
2.767890835836278374e+00
2.771234678917496641e+00
2.773639662079526058e+00
2.775758640679105937e+00
2.779297812437581339e+00
2.781684229907683381e+00
2.784407828221469483e+00
2.786829036318486441e+00
2.789284617303091185e+00
2.791933358996470993e+00
2.793933612274224654e+00
2.795619604774042255e+00
2.798808814041094717e+00
2.801362302427624851e+00
2.804701450666629459e+00
2.806255985607499781e+00
2.808876973831291313e+00
2.811451155718212025e+00
2.813345846108416648e+00
2.815582041077649755e+00
2.818882562177734030e+00
2.821252626829642285e+00
2.823884729427335483e+00
2.826604106105181202e+00
2.829385862703326371e+00
2.832207245564037024e+00
2.834907401980921726e+00
2.837186618854092401e+00
2.840150384384910076e+00
2.843074097566291147e+00
2.845371367510339589e+00
2.848769243010499164e+00
2.851489634415541374e+00
2.853851317292144696e+00
2.856699525688790153e+00
2.859147326058409266e+00
2.861922197053161199e+00
2.863808981111023666e+00
2.866000824269154368e+00
2.868646913745089400e+00
2.871025772422975741e+00
2.874427886331000881e+00
2.876963343375919191e+00
2.879671958743510007e+00
2.881697200364133682e+00
2.884060185364720308e+00
2.887281747182862457e+00
2.888724160181610490e+00
2.890520824069402028e+00
2.893075961016456699e+00
2.895963117810406384e+00
2.899329546867560836e+00
2.902328223183247236e+00
2.905543794335144980e+00
2.907826498864723774e+00
2.910010477053505795e+00
2.912575473709810403e+00
2.914437659897404220e+00
2.916237106118900968e+00
2.919193362141029091e+00
2.922131302160305033e+00
2.925419038247532910e+00
2.928705095172467132e+00
2.930603112872278704e+00
2.932699254683123868e+00
2.935120038860769665e+00
2.937888804418962163e+00
2.940571256279368662e+00
2.943016843729987286e+00
2.944604710386813817e+00
2.947113424351540445e+00
2.948763882651337376e+00
2.951612692002256289e+00
2.954490046310644935e+00
2.957922305970270394e+00
2.960427310387280464e+00
2.962950602841671888e+00
2.964707017881716755e+00
2.967594318317294366e+00
2.970648590066701455e+00
2.972952748096429509e+00
2.976039949486422920e+00
2.978104091004746490e+00
2.980601640542511088e+00
2.983340884818467931e+00
2.986318779328534845e+00
2.988687035095152211e+00
2.990668815713023676e+00
2.992903971253398243e+00
2.995473745097711582e+00
2.997615540557300839e+00
3.000322805937094550e+00
3.002136566901360215e+00
3.003914153052656300e+00
3.005826640002209782e+00
3.008487100368868461e+00
3.009809756545138715e+00
3.012144513838036719e+00
3.014555165364549705e+00
3.017418409743960694e+00
3.020461832828438720e+00
3.022562894923132681e+00
3.025261431336128126e+00
3.027903024829291745e+00
3.029758997828437384e+00
3.032372886954184832e+00
3.034580127656050674e+00
3.038049906842846148e+00
3.040685971162929935e+00
3.043074192752896145e+00
3.044892485785821723e+00
3.047837535698602274e+00
3.050273874011193875e+00
3.053745707290814515e+00
3.056424885092957400e+00
3.058880225815279186e+00
3.062293545984765331e+00
3.065239012449862965e+00
3.068174643496311749e+00
3.071593084764702830e+00
3.073585750808076611e+00
3.075238701740939273e+00
3.078995881730674622e+00
3.081039760354571833e+00
3.083561823188700757e+00
3.086811851480240065e+00
3.090088829625992073e+00
3.092449501861774142e+00
3.094618781936934404e+00
3.096604974713752956e+00
3.098800617788361578e+00
3.101085391953041892e+00
3.104075290923136166e+00
3.106678881925085900e+00
3.109853665850062843e+00
3.113531027805803930e+00
3.116452613500681146e+00
3.119213581728459417e+00
3.121520314508368976e+00
3.124399978889079943e+00
3.127500939691943316e+00
3.129672173182165285e+00
3.131656660307206241e+00
3.133736941592329739e+00
3.136573924737674268e+00
3.138660076066142501e+00
3.141438795290627084e+00
3.143920970515436508e+00
3.147140432641029939e+00
3.149481768841148277e+00
3.151204963812197501e+00
3.153802729667364524e+00
3.156187369381704411e+00
3.159482289864371740e+00
3.162958274193782504e+00
3.165450865274512804e+00
3.167894315761287771e+00
3.170164945462439654e+00
3.171928611314416280e+00
3.174525354707286695e+00
3.178292633341194051e+00
3.180281753172996329e+00
3.181667662602704283e+00
3.184618810642162678e+00
3.187680242371206951e+00
3.189963152121721990e+00
3.192821094897715817e+00
3.196273262492644207e+00
3.198677790997189518e+00
3.202039204891907520e+00
3.204253307767367165e+00
3.206063924352065886e+00
3.208676646551371636e+00
3.211460020685313665e+00
3.213177497900790325e+00
3.215743171252762433e+00
3.218749316679402117e+00
3.220899536617241932e+00
3.223700714764840658e+00
3.224941990077099252e+00
3.227412302276976064e+00
3.228958708137676048e+00
3.231072350790500813e+00
3.233113920626222715e+00
3.236558546555228233e+00
3.240967060407474953e+00
3.244029002708444409e+00
3.247121682988227231e+00
3.250289456567879487e+00
3.251719488117402523e+00
3.253579478499385225e+00
3.255999091044754490e+00
3.258425745198718637e+00
3.261919342558124768e+00
3.264688736319930396e+00
3.268311268907856615e+00
3.270935780405071380e+00
3.272778072399536331e+00
3.276229746471543525e+00
3.278953559812878726e+00
3.281487113657671539e+00
3.283198783675315813e+00
3.285488105939298187e+00
3.288487599657493377e+00
3.290923413802480102e+00
3.294066248934711005e+00
3.295446546871259041e+00
3.297171766638130830e+00
3.299686122977063540e+00
3.301677551645329167e+00
3.304401669032901001e+00
3.307099862294906156e+00
3.309652481632340937e+00
3.311905113222122665e+00
3.315073190168995154e+00
3.318766803638809382e+00
3.321185947303570529e+00
3.324415944460375361e+00
3.326282901293289740e+00
3.329952618961253386e+00
3.332987814857784947e+00
3.335473049038343962e+00
3.337895396122194214e+00
3.340252322959595510e+00
3.343799239026746584e+00
3.345677983817308299e+00
3.347571664241180578e+00
3.350152637192072458e+00
3.353322798338573829e+00
3.355567496980327746e+00
3.358823536660076492e+00
3.361914097385091171e+00
3.364374827055080619e+00
3.367741415311380937e+00
3.370236742903795157e+00
3.372961158455127784e+00
3.375290756808740689e+00
3.377677966776122087e+00
3.379466071628208557e+00
3.382477295654138683e+00
3.386070194005021960e+00
3.389665673134146573e+00
3.391263655019808532e+00
3.393232619662486460e+00
3.395747568750325129e+00
3.397603200721541761e+00
3.400184722756569133e+00
3.403640519888933458e+00
3.405671244363929429e+00
3.407701807463949795e+00
3.410992037935976828e+00
3.414120474307112740e+00
3.416413186651418243e+00
3.418989749408925416e+00
3.421529289532927010e+00
3.424528490891800558e+00
3.428676208863391306e+00
3.432001511454727982e+00
3.433676288294281065e+00
3.436398974212567126e+00
3.439118321745074258e+00
3.441553137031570397e+00
3.444293328010095578e+00
3.446586923732528174e+00
3.448248504052080055e+00
3.450715582497491773e+00
3.452456133999903365e+00
3.455233098098226208e+00
3.457909673185071586e+00
3.459945154196021111e+00
3.462260430841587855e+00
3.465076526751867725e+00
3.468245770940078021e+00
3.470277467773806634e+00
3.473402593412146189e+00
3.475336427590939081e+00
3.477100886425723125e+00
3.479594949989590180e+00
3.482598098546020982e+00
3.485398165519838720e+00
3.488647138299376227e+00
3.491910669034702597e+00
3.494383954335609221e+00
3.496855377617876126e+00
3.499821488662397950e+00
3.501840524562634283e+00
3.504054364084830731e+00
3.506725651806542832e+00
3.510037078220551887e+00
3.512359239782886000e+00
3.514902238569000303e+00
3.516960855859094792e+00
3.519559825924858831e+00
3.522814194685068845e+00
3.523775503548317811e+00
3.525898131858128171e+00
3.527970831648818084e+00
3.529576445592598866e+00
3.532640747720630081e+00
3.535260673408981535e+00
3.537993073552439416e+00
3.540337272381255840e+00
3.542888041687206613e+00
3.543918107319683930e+00
3.546818600450378334e+00
3.549419416283077666e+00
3.552378365841206698e+00
3.555416444437586865e+00
3.557328958959379506e+00
3.560279188082891455e+00
3.563970869901972094e+00
3.566264258486739447e+00
3.567789971658788417e+00
3.570670895552288560e+00
3.572512253194547682e+00
3.575610018126667011e+00
3.577944255472833568e+00
3.581182916849775744e+00
3.582957719032330957e+00
3.587023573861224168e+00
3.589786777440631127e+00
3.593353240701765650e+00
3.594964051004631234e+00
3.597318505365661334e+00
3.599930767400771892e+00
3.601556875500288246e+00
3.603485235569412914e+00
3.606502274775615913e+00
3.610613213026747648e+00
3.613963483050683934e+00
3.616881861354255712e+00
3.619764287970050898e+00
3.622573108959171506e+00
3.624804895802396398e+00
3.627459476350787249e+00
3.630239725792744121e+00
3.631795016651267360e+00
3.635178003116307455e+00
3.637929615611113388e+00
3.641166662261146936e+00
3.643543252366362672e+00
3.646649909198714568e+00
3.648410579192327585e+00
3.650448765861416867e+00
3.653041141483787335e+00
3.656606543567834766e+00
3.660679910516328128e+00
3.663159878943714531e+00
3.665302059517976385e+00
3.667937259151181184e+00
3.671468542321190132e+00
3.674596457054158716e+00
3.678127775799135524e+00
3.680497906194730717e+00
3.683427071149758980e+00
3.685929995212889221e+00
3.688028532083917899e+00
3.689530599259820853e+00
3.693276045777186045e+00
3.696918079823726444e+00
3.699950822391222083e+00
3.702896606370134958e+00
3.705528763741854803e+00
3.707909199488641949e+00
3.709802760716361281e+00
3.713171818643399735e+00
3.716107685289317786e+00
3.719123092287815346e+00
3.721331729294789170e+00
3.722376319487436191e+00
3.724629376195836006e+00
3.727983786627797169e+00
3.730438344483222313e+00
3.732395925128466185e+00
3.735072392741496383e+00
3.737528445038921454e+00
3.740698258211475391e+00
3.744016726776144388e+00
3.748560253320001756e+00
3.750171110143367237e+00
3.753303481687335186e+00
3.756382487766029676e+00
3.759308385194796820e+00
3.762470322387872823e+00
3.765675590389449212e+00
3.767109294859561697e+00
3.770479177676855809e+00
3.772731876301241627e+00
3.775114260200341132e+00
3.778969544410291537e+00
3.781293630400916594e+00
3.785345785509306449e+00
3.787694051863476297e+00
3.789916369075045921e+00
3.793053734931614240e+00
3.795897696621437056e+00
3.799589561543120109e+00
3.801615187596603551e+00
3.804036220239000787e+00
3.807782869417397187e+00
3.810782821875909665e+00
3.813006651992489449e+00
3.816153737906548216e+00
3.818483972034628415e+00
3.820589161342424767e+00
3.823235323132967878e+00
3.826575979110755199e+00
3.829262072537050976e+00
3.830514666801213775e+00
3.834379291116382760e+00
3.837003170076248804e+00
3.839948434404244271e+00
3.843756087196317228e+00
3.846675724464715618e+00
3.848432169177732565e+00
3.851649655021380791e+00
3.854810359721923430e+00
3.856856802061204625e+00
3.858811967514432784e+00
3.861340620261264345e+00
3.863450778660507456e+00
3.865278585135014211e+00
3.868106593175594021e+00
3.870317541589057608e+00
3.872377142851654686e+00
3.874665068671146351e+00
3.876715147640177772e+00
3.879139033748482124e+00
3.881723513088120914e+00
3.883892720489817041e+00
3.885955689322623474e+00
3.888066136064100231e+00
3.890154406902260220e+00
3.892972629120734940e+00
3.895400653269965652e+00
3.897668640347696556e+00
3.900482423209658656e+00
3.903843099411692830e+00
3.906854390756250517e+00
3.908424465810509396e+00
3.911125729838224263e+00
3.914165683919529126e+00
3.915944021638246397e+00
3.919742852998441496e+00
3.922268686105816471e+00
3.924985475844719574e+00
3.928983816064410828e+00
3.930922519595858589e+00
3.933626306154545116e+00
3.936359613023610038e+00
3.939287452200810780e+00
3.942528864303484148e+00
3.945691928329506215e+00
3.948428315818317103e+00
3.951894514040688922e+00
3.954037849605515742e+00
3.956161423065689409e+00
3.958062703908732161e+00
3.960872051307406938e+00
3.963467527671563406e+00
3.967115905191962888e+00
3.969699642836646447e+00
3.972501090919693834e+00
3.974150895993082688e+00
3.976878853896165467e+00
3.980031924034667767e+00
3.983756211090057509e+00
3.986968586044929541e+00
3.989504460775359362e+00
3.991949701048986388e+00
3.994707214346342017e+00
3.996931650146868353e+00
3.999437131482963537e+00
4.001808367110663234e+00
4.004166269187810379e+00
4.005741764351570033e+00
4.009367193977871224e+00
4.011865210382232760e+00
4.014992172588577546e+00
4.017043948297295053e+00
4.020032802072370792e+00
4.023239537169954083e+00
4.027107779163705104e+00
4.029781514699054767e+00
4.032381671338128193e+00
4.034709928263594314e+00
4.037307916618092740e+00
4.039683495469938990e+00
4.042365972142458297e+00
4.044994119068916483e+00
4.048212553315371665e+00
4.051468225176690474e+00
4.053943300127311744e+00
4.055651620905035948e+00
4.059712753501984572e+00
4.062677694458904476e+00
4.064753221916707737e+00
4.067198857321399963e+00
4.069623665105202015e+00
4.072083599070397852e+00
4.074008684749645504e+00
4.076508724955816731e+00
4.078906124574462666e+00
4.080863216089513301e+00
4.084247082012532282e+00
4.086679366470518104e+00
4.087977111168351385e+00
4.091274200639746006e+00
4.094895811180959910e+00
4.097239844030472256e+00
4.100365749605744625e+00
4.101849427213089427e+00
4.103605411977171435e+00
4.105177958294347285e+00
4.107695778761356387e+00
4.111310442000092102e+00
4.114507134251421228e+00
4.117373895922755267e+00
4.119244065870217852e+00
4.121910050229923961e+00
4.124920568405936905e+00
4.127588033960890357e+00
4.130829768928249379e+00
4.133634458519833466e+00
4.135865022644710010e+00
4.137954031192273341e+00
4.141966835025066906e+00
4.144279960320262468e+00
4.146646585210827851e+00
4.148450898074448112e+00
4.151518319005776725e+00
4.153639217255785887e+00
4.154965080219538365e+00
4.158025377298737446e+00
4.161797223433203463e+00
4.163412065109152849e+00
4.165416196612366839e+00
4.168672954401232644e+00
4.171774579159853502e+00
4.173411317947912202e+00
4.176375559888367839e+00
4.178412890410807101e+00
4.180571990653946024e+00
4.183661407756819273e+00
4.186534160998984788e+00
4.188827325520783518e+00
4.192045919768136564e+00
4.194663192254819428e+00
4.197335335810851831e+00
4.200578042185463268e+00
4.203316260663615189e+00
4.205965959180177016e+00
4.208786857940185477e+00
4.210942113693153743e+00
4.213941922912614935e+00
4.218386481249829956e+00
4.220629816463089767e+00
4.223944218859779554e+00
4.226616588979733358e+00
4.231474449020425688e+00
4.233711242281759546e+00
4.236458622690169484e+00
4.239340257980371618e+00
4.243082986407443080e+00
4.246042706610524853e+00
4.247710851656897546e+00
4.250690588723598395e+00
4.252909731215015476e+00
4.255142385969504559e+00
4.257967762365495012e+00
4.261754468681854036e+00
4.264463937888286260e+00
4.267209787162712153e+00
4.270587771766518159e+00
4.272729589576505838e+00
4.277335467496376609e+00
4.280357810567852361e+00
4.283473358785493623e+00
4.285118955902801119e+00
4.287501960140164492e+00
4.290720806280585720e+00
4.292766866387114355e+00
4.294145472886674142e+00
4.297556645425989252e+00
4.300192803478207537e+00
4.303884407485255359e+00
4.306443765500431731e+00
4.308942965481293186e+00
4.312249151327799623e+00
4.315954123157301758e+00
4.318185117511982085e+00
4.320755621613102448e+00
4.324059581635233407e+00
4.328170470252886481e+00
4.330917180362233054e+00
4.332896366787109876e+00
4.335763934806968756e+00
4.338334209843840661e+00
4.341688975796931693e+00
4.345500858178751535e+00
4.347452278716121832e+00
4.350030151948559798e+00
4.353472951805418489e+00
4.355595811459904709e+00
4.358355637911433433e+00
4.362209372677631869e+00
4.363864618102947901e+00
4.365890299920656581e+00
4.368227500478387704e+00
4.369756403522607080e+00
4.372853449380233570e+00
4.374757079097120638e+00
4.379013270303221184e+00
4.381529390958923464e+00
4.384348925966402355e+00
4.387213283682375398e+00
4.390124389589050047e+00
4.392692946129343134e+00
4.396007832847780961e+00
4.397851904048295069e+00
4.401506648201642058e+00
4.404201132897404669e+00
4.406332116116166375e+00
4.409033191799589524e+00
4.413172836800828946e+00
4.415274215132016344e+00
4.417108249124547470e+00
4.421194108055720662e+00
4.423458999693641758e+00
4.426833594954149298e+00
4.429521245978662591e+00
4.432130463200977033e+00
4.434648929790824923e+00
4.437533871874914659e+00
4.440375822992304933e+00
4.443419993032953208e+00
4.446634456425765158e+00
4.448866971588666175e+00
4.451522685026530368e+00
4.453979490380246098e+00
4.456301033995067051e+00
4.459312823454417263e+00
4.461221901281391844e+00
4.463812431229571054e+00
4.466812333377649935e+00
4.469195695852288708e+00
4.472003809095713933e+00
4.474582222192540648e+00
4.476537853252724908e+00
4.479107095714343956e+00
4.481310162570451006e+00
4.484141491000271706e+00
4.488286634590282986e+00
4.490480843453201310e+00
4.493053517282826981e+00
4.494616284132222361e+00
4.497294853036084561e+00
4.500998675925057313e+00
4.502939962271693020e+00
4.505871290022151143e+00
4.509863100471012132e+00
4.512976276159123223e+00
4.514880457564642846e+00
4.517910657529187191e+00
4.519727487010348099e+00
4.524001778399604490e+00
4.526663047033646414e+00
4.530192843055522722e+00
4.532480209189578169e+00
4.534582166595217068e+00
4.536492699671470952e+00
4.540419131077606529e+00
4.543765705886582573e+00
4.548240907854247617e+00
4.551114746090623164e+00
4.554411260632476477e+00
4.556814952750025682e+00
4.559970051934749691e+00
4.561679286459254357e+00
4.564623513488999862e+00
4.566826694581564539e+00
4.570119048036207943e+00
4.572506250223978164e+00
4.574922745841173644e+00
4.577573473454379815e+00
4.581351376785863572e+00
4.583582554131411690e+00
4.585656284383170522e+00
4.588175275206949344e+00
4.590110135875923092e+00
4.592692530761096847e+00
4.596698156210335284e+00
4.598461745173270998e+00
4.601438828778907641e+00
4.604277472297880536e+00
4.606442808417853918e+00
4.610004671484032812e+00
4.613137264177642471e+00
4.616552482093468690e+00
4.619091736919928692e+00
4.621800577362908946e+00
4.625240274230034032e+00
4.627526388397087409e+00
4.629513092625441750e+00
4.631237591332408421e+00
4.633705265783308214e+00
4.636959711760376912e+00
4.638965133360345661e+00
4.642566257127078266e+00
4.646057268744068658e+00
4.648289992610231458e+00
4.651533003654786391e+00
4.654060236312989041e+00
4.656781974335111762e+00
4.659808612602589051e+00
4.662127026572290944e+00
4.665739378853463570e+00
4.668197662397200354e+00
4.671084644487479842e+00
4.673363458175791685e+00
4.676065589042221582e+00
4.679535512198216729e+00
4.683678587166077101e+00
4.686020356493071581e+00
4.687947199999160652e+00
4.690952265215424966e+00
4.693180383034137648e+00
4.696900890025269781e+00
4.701162989055204022e+00
4.704630574544675703e+00
4.708272552228990548e+00
4.711359266525267486e+00
4.713401554659737869e+00
4.716162646613109466e+00
4.718853920652902545e+00
4.721139526011442378e+00
4.724265270428732677e+00
4.726945608157307355e+00
4.729498978688682520e+00
4.732111041631301696e+00
4.734352567890866226e+00
4.736594768992604898e+00
4.739299233694238112e+00
4.743235475278836155e+00
4.746344853238739780e+00
4.748598740676370333e+00
4.750690868551068924e+00
4.753283591108331763e+00
4.760014220556367803e+00
4.762228521811625370e+00
4.764621340244274528e+00
4.768273227929000768e+00
4.770452113004043149e+00
4.774323613869066563e+00
4.777697638669658353e+00
4.781137493402790817e+00
4.782815574899325739e+00
4.786851993485626622e+00
4.789949272276319725e+00
4.793321477553694976e+00
4.797478233301102790e+00
4.800969514562686058e+00
4.803608043740100086e+00
4.806719522804501210e+00
4.808716733128865606e+00
4.812303105590734376e+00
4.815499879347524548e+00
4.817863333999303777e+00
4.822225799921000089e+00
4.825323029905659311e+00
4.827739374613677192e+00
4.830155710957763304e+00
4.832697709549443665e+00
4.836183838026355986e+00
4.838959047263184488e+00
4.842339403129893860e+00
4.845738328033259990e+00
4.849749303804600231e+00
4.852550641691616207e+00
4.855646883900301525e+00
4.858564176578524574e+00
4.860889965071161889e+00
4.863635672521883002e+00
4.866379793643313967e+00
4.868264506859855345e+00
4.871112743452159499e+00
4.875800177867332330e+00
4.879785722809930171e+00
4.882820682416718405e+00
4.885805817412447460e+00
4.889233617461171910e+00
4.892065822942671005e+00
4.894399717057955179e+00
4.897932562996812678e+00
4.900934265406215573e+00
4.903405780453178764e+00
4.908043544143860792e+00
4.911467800319258892e+00
4.915317533465857203e+00
4.918774468089346819e+00
4.921174899331348662e+00
4.925124069417368133e+00
4.929363977599999558e+00
4.930899489523970836e+00
4.935897904795232272e+00
4.938940162682234458e+00
4.942011281053521721e+00
4.946036469248844547e+00
4.949879903220149480e+00
4.952217724115615560e+00
4.955809891767229303e+00
4.959569136266258838e+00
4.962373532211427296e+00
4.968587287009167852e+00
4.971942141398977277e+00
4.976149299786891689e+00
4.979512357829289471e+00
4.983498041766790010e+00
4.986834813543530309e+00
4.990398884953932246e+00
4.994503969572147817e+00
4.999233158715790992e+00
5.003771916661378327e+00
5.007581830333298178e+00
5.012497701232263125e+00
5.016789327400835496e+00
5.020369854307716651e+00
5.024445677087470585e+00
5.029100981410177695e+00
5.032005970752957857e+00
5.036114464667338808e+00
5.040891874295657438e+00
5.045189587705348089e+00
5.048713668834981405e+00
5.055394824617325256e+00
5.059776799185787155e+00
5.063788525097026039e+00
5.067099748009226801e+00
5.073732363553864033e+00
5.077252405296076354e+00
5.081766748988381543e+00
5.086586912914767389e+00
5.091790981594086496e+00
5.095348942436746853e+00
5.100628583654050807e+00
5.104824026249817237e+00
5.108889514422273237e+00
5.113144893997350060e+00
5.116821927242310331e+00
5.123642368950759973e+00
5.127870199017501740e+00
5.132475350510759426e+00
5.138119520311006383e+00
5.143363244805010837e+00
5.147136035514398245e+00
5.153881156571184619e+00
5.158456850808774696e+00
5.167209284249747014e+00
5.172242732454258807e+00
5.179665311624389368e+00
5.184964788710549222e+00
5.195308696642966240e+00
5.201812147783848594e+00
5.207482670337830299e+00
5.214035802316389301e+00
5.222272312666221161e+00
5.229690209767108300e+00
5.238625581202441595e+00
5.244506818535225712e+00
5.257342373343701247e+00
5.267683506312779151e+00
5.279773441550830171e+00
5.288021266601107939e+00
5.298547143631534340e+00
5.315327274260795321e+00
5.326855808990420549e+00
5.343499601763174844e+00
5.360381831678188824e+00
5.393429122700783118e+00
5.428571158771983818e+00
