Eigenvalues
-6.861705986770709309e+00
-6.825956262294567090e+00
-6.798352792791765964e+00
-6.777979794521288959e+00
-6.761810776826768787e+00
-6.743012526738966450e+00
-6.727185448577949423e+00
-6.715691280381069994e+00
-6.699073122933289604e+00
-6.683119884807235067e+00
-6.670398095456101295e+00
-6.658921926216740061e+00
-6.645278992223302872e+00
-6.636886527858797180e+00
-6.626406511713353709e+00
-6.618559122885228518e+00
-6.605010866341952003e+00
-6.595048601407099476e+00
-6.584336508583693792e+00
-6.577596408108217219e+00
-6.568606847014137884e+00
-6.557866000917412563e+00
-6.549119989429199151e+00
-6.541307970064295318e+00
-6.533227071500756544e+00
-6.524682128395705050e+00
-6.511127953092684884e+00
-6.499366408415456320e+00
-6.492196678414244637e+00
-6.482785521088712422e+00
-6.474495286928958038e+00
-6.468283682649055066e+00
-6.457255562725261910e+00
-6.449551578335887214e+00
-6.442041409171958222e+00
-6.433719431954724399e+00
-6.424696533185153768e+00
-6.414160829878417402e+00
-6.405837675592919389e+00
-6.396605986816612521e+00
-6.389680501911469968e+00
-6.381727933833974298e+00
-6.374177638843601557e+00
-6.364831341498734751e+00
-6.357279601877260156e+00
-6.350201805312436498e+00
-6.341025173917970825e+00
-6.333303465928808329e+00
-6.325079308175701520e+00
-6.315368228817376028e+00
-6.308356235881780627e+00
-6.298748268935432826e+00
-6.291765813647254291e+00
-6.282923484686869564e+00
-6.277299520229746577e+00
-6.269296478843731535e+00
-6.260919243580080007e+00
-6.252338212152494634e+00
-6.245426797713745870e+00
-6.236556710813088600e+00
-6.226690783936740026e+00
-6.219388560820312328e+00
-6.213078338813931012e+00
-6.205551815306866281e+00
-6.196803172030728390e+00
-6.188965536724397865e+00
-6.180999962102900369e+00
-6.174159126303861100e+00
-6.165509305978931209e+00
-6.155531563892568059e+00
-6.148027212910720074e+00
-6.140012278250180700e+00
-6.133783601862875301e+00
-6.124461002458064129e+00
-6.115367862353271455e+00
-6.108141392937522340e+00
-6.101121309727473019e+00
-6.092136803056598104e+00
-6.081837773527953850e+00
-6.074104836448427136e+00
-6.069181631209170646e+00
-6.061329221272441892e+00
-6.053204381245125276e+00
-6.045182524023758219e+00
-6.036873122105164136e+00
-6.029300423045840240e+00
-6.021462330540148677e+00
-6.014531259896006787e+00
-6.007017751605070011e+00
-5.999564575182071202e+00
-5.993767580135144435e+00
-5.984398483937540369e+00
-5.977666937173649053e+00
-5.970012831258247665e+00
-5.961145699738136017e+00
-5.953036666990372261e+00
-5.944377326430080544e+00
-5.938962749693043719e+00
-5.931957418458423170e+00
-5.924343471056553234e+00
-5.916947717393072459e+00
-5.909226658699751944e+00
-5.901095599699170968e+00
-5.894265924181501859e+00
-5.887115766893958657e+00
-5.879016490628075964e+00
-5.871400538343919173e+00
-5.862822111113374923e+00
-5.856701826459038251e+00
-5.848593603385313422e+00
-5.841777722273532092e+00
-5.835982931618885594e+00
-5.826902884099877333e+00
-5.820213646272780039e+00
-5.814037429882275454e+00
-5.806284316827360570e+00
-5.797361927709088647e+00
-5.790677098457549299e+00
-5.785216572851001438e+00
-5.779419304402295232e+00
-5.772443896206438829e+00
-5.764330411677533128e+00
-5.756973922947213218e+00
-5.749803728540382686e+00
-5.740976570108538901e+00
-5.734360867823832919e+00
-5.726495549070695468e+00
-5.720558143974357357e+00
-5.712884296515440496e+00
-5.706734005372774199e+00
-5.700879445684943647e+00
-5.693392096180234674e+00
-5.686258706997262102e+00
-5.677455233161260217e+00
-5.670322844166679310e+00
-5.662364037590419841e+00
-5.654564380621854625e+00
-5.648968225003766719e+00
-5.640282507690086433e+00
-5.632936005988939954e+00
-5.626460921635290546e+00
-5.617942191753454217e+00
-5.609994992631525790e+00
-5.603111367025491951e+00
-5.596271142993546555e+00
-5.587613372587018290e+00
-5.580808642335954417e+00
-5.573795856073473054e+00
-5.567814913007833155e+00
-5.560691186230822147e+00
-5.553564440100909216e+00
-5.545365858265680181e+00
-5.539425861093077330e+00
-5.532530046350629505e+00
-5.525701289200855015e+00
-5.519173976282470306e+00
-5.512115804913615413e+00
-5.504850973893666399e+00
-5.498407534825881626e+00
-5.490240230574013225e+00
-5.483740366672680722e+00
-5.477423993280260639e+00
-5.469548762613404058e+00
-5.461614759697573263e+00
-5.455824245047971921e+00
-5.449494971401690258e+00
-5.443496712706263452e+00
-5.434210715874930209e+00
-5.428139501932618849e+00
-5.421522079968157826e+00
-5.414632218021769638e+00
-5.407451245610996438e+00
-5.400279544472303961e+00
-5.393410439358693687e+00
-5.387459929350987053e+00
-5.379171168425638250e+00
-5.374239691534000052e+00
-5.365147752771467715e+00
-5.357180532428398756e+00
-5.349774752590606752e+00
-5.342654562464919543e+00
-5.335514405193771736e+00
-5.328632434397277962e+00
-5.320432862574758559e+00
-5.313570701787531547e+00
-5.307531305087409557e+00
-5.301249666665614590e+00
-5.295467906257977475e+00
-5.285556021205443322e+00
-5.280255309292467558e+00
-5.274695982911527636e+00
-5.268337892130523059e+00
-5.259212035086704873e+00
-5.253043882454538682e+00
-5.246394050497148243e+00
-5.239611564111113395e+00
-5.232498749944082483e+00
-5.227063238848047355e+00
-5.221026436215604249e+00
-5.213800116626736703e+00
-5.206094914022691533e+00
-5.199183402117720121e+00
-5.192865454634704392e+00
-5.187587945337359230e+00
-5.179674507150945573e+00
-5.174637291725712629e+00
-5.166464405535159621e+00
-5.162193697778097778e+00
-5.154862379603161848e+00
-5.147845338247312164e+00
-5.140024470618740793e+00
-5.134036638447187606e+00
-5.128071727219833065e+00
-5.122079882101408188e+00
-5.113456575061554155e+00
-5.108014496733337850e+00
-5.100125024608896496e+00
-5.093367702365495298e+00
-5.086201641104580951e+00
-5.079198573977649289e+00
-5.073970530023780512e+00
-5.066543386162495111e+00
-5.061534842121280242e+00
-5.053849650742995969e+00
-5.046954505815993919e+00
-5.040475966546674513e+00
-5.033454587856978080e+00
-5.024991590581445955e+00
-5.018366467919874729e+00
-5.013016148623082202e+00
-5.006579688521537008e+00
-4.998829049451484430e+00
-4.991723244065566334e+00
-4.985450903373783937e+00
-4.978614121486346633e+00
-4.970576035597369824e+00
-4.965269107108681190e+00
-4.958380504447839954e+00
-4.951363308799735741e+00
-4.944201362423939372e+00
-4.937518592890913105e+00
-4.931704873970081060e+00
-4.925487172752373688e+00
-4.918003189239710693e+00
-4.911662693372552013e+00
-4.906053894846738928e+00
-4.899482228425303454e+00
-4.893036631846365836e+00
-4.886551169211824863e+00
-4.879900639231411041e+00
-4.873228128103873402e+00
-4.867005488096449284e+00
-4.860050881568153791e+00
-4.854620198454502322e+00
-4.848446277148971362e+00
-4.841404749947305852e+00
-4.836012545667528251e+00
-4.829067754895388198e+00
-4.823104280492435336e+00
-4.817939866341228061e+00
-4.810918577060146362e+00
-4.804578523706537041e+00
-4.797486051835688770e+00
-4.791414176804352110e+00
-4.784134407395374211e+00
-4.777519825975215184e+00
-4.772749787833205914e+00
-4.764378160448512922e+00
-4.759404599367258903e+00
-4.752978139951093084e+00
-4.746585189756741485e+00
-4.738826792478785244e+00
-4.733377056816565620e+00
-4.727644426402538791e+00
-4.721965705887963161e+00
-4.715903702253563701e+00
-4.708934832978454388e+00
-4.703254300897063978e+00
-4.696628957628736778e+00
-4.691632533724246379e+00
-4.683976104156158726e+00
-4.677291393736966008e+00
-4.670701193937260243e+00
-4.664959070796874663e+00
-4.658170489150578852e+00
-4.652694815903871906e+00
-4.645644984606076555e+00
-4.638343172523664570e+00
-4.632559226913175898e+00
-4.627922168593613605e+00
-4.621240219921049608e+00
-4.614770734866629809e+00
-4.607211340083060769e+00
-4.599655995329657188e+00
-4.593526199905434204e+00
-4.588563813590800677e+00
-4.583353026927037277e+00
-4.575417977798631242e+00
-4.570805643403417662e+00
-4.563386146457586889e+00
-4.558072339073808266e+00
-4.551358665565524042e+00
-4.545305325210761360e+00
-4.538474882035690605e+00
-4.533953814112751779e+00
-4.527560079616138822e+00
-4.521738065400541018e+00
-4.512409320920097500e+00
-4.507165980717399378e+00
-4.502921330064907579e+00
-4.496427732153233769e+00
-4.489890213889178305e+00
-4.482907713328236454e+00
-4.476963937710350727e+00
-4.470478533371541552e+00
-4.464410480185581953e+00
-4.460068597835974202e+00
-4.451152158243827373e+00
-4.445634263420576104e+00
-4.439611447594456806e+00
-4.433375503265681417e+00
-4.427866871883026079e+00
-4.421712628361518682e+00
-4.416811390414083327e+00
-4.409966260050211417e+00
-4.403556745846576526e+00
-4.396703072253535183e+00
-4.390961882754613299e+00
-4.385559483445917728e+00
-4.379759886971132055e+00
-4.374563395923005693e+00
-4.366801875676332045e+00
-4.360995187695251296e+00
-4.353696719998390030e+00
-4.349255286893892958e+00
-4.341842908031135373e+00
-4.336551726536389317e+00
-4.330027464965806594e+00
-4.324543332694412712e+00
-4.318948158245758506e+00
-4.313114148464274322e+00
-4.307318536237952245e+00
-4.300423726865543195e+00
-4.294569425354865189e+00
-4.287234488110628128e+00
-4.281604260905829129e+00
-4.274969628620268303e+00
-4.270773373393753403e+00
-4.262957274426650400e+00
-4.257829172262250772e+00
-4.251827323791776081e+00
-4.245429463529886149e+00
-4.238816680710520757e+00
-4.232700049968091349e+00
-4.228188001494286752e+00
-4.222328455267328806e+00
-4.215795786153624825e+00
-4.208907143244534410e+00
-4.202921668022995938e+00
-4.196841627873188152e+00
-4.189820776721139950e+00
-4.183930558605216454e+00
-4.178310507123168094e+00
-4.172621935131970439e+00
-4.167282422040377909e+00
-4.160841497388647170e+00
-4.154714113602494763e+00
-4.149206458912741091e+00
-4.142592020369910699e+00
-4.137161306483299050e+00
-4.130634092752133668e+00
-4.124544166156812963e+00
-4.118258025634641939e+00
-4.112755233572780611e+00
-4.106945332411113370e+00
-4.101767461508820212e+00
-4.095722814663380618e+00
-4.089282293077680208e+00
-4.083517027251854614e+00
-4.078308109758136624e+00
-4.073706488270699033e+00
-4.066573800496550817e+00
-4.061576469137611944e+00
-4.056184769066261353e+00
-4.048706337458528814e+00
-4.043009516072236131e+00
-4.036440723627341853e+00
-4.031639143882950194e+00
-4.025326793294571104e+00
-4.019671300053396124e+00
-4.013338797468406050e+00
-4.007752759185278180e+00
-4.003739081976624981e+00
-3.997518438109620043e+00
-3.991096795953795962e+00
-3.985892400529048363e+00
-3.978708468667113696e+00
-3.974087580633306249e+00
-3.968457673007777409e+00
-3.962183072747169188e+00
-3.957840387418109618e+00
-3.951943777069781838e+00
-3.946154767963224952e+00
-3.940904028382643087e+00
-3.934923874804226784e+00
-3.928529051049081566e+00
-3.922944996734819334e+00
-3.917483790967688062e+00
-3.911780317556386333e+00
-3.906553809218557216e+00
-3.899908719664781920e+00
-3.893705066692702665e+00
-3.888895499260727195e+00
-3.881662790843852573e+00
-3.876772856266161416e+00
-3.870181331571202143e+00
-3.864805770692335773e+00
-3.858523884458601838e+00
-3.853868409807406525e+00
-3.848412498588968944e+00
-3.843392275394597934e+00
-3.836522672033861436e+00
-3.830939559980554687e+00
-3.825828372194570726e+00
-3.820709867089258083e+00
-3.814393090681795329e+00
-3.807531048838727283e+00
-3.802108107245259827e+00
-3.797760743112125859e+00
-3.791049930956049696e+00
-3.784797905008958629e+00
-3.778880818592111446e+00
-3.773652381775262299e+00
-3.767701266552846651e+00
-3.761408267829868368e+00
-3.755430471255418734e+00
-3.750318478329670135e+00
-3.745255311979017065e+00
-3.739332320030854806e+00
-3.732995263705310318e+00
-3.728281313416470955e+00
-3.722542965690607719e+00
-3.717580959465777823e+00
-3.711148870581791659e+00
-3.706871681250332173e+00
-3.699512413488628582e+00
-3.694677643018338564e+00
-3.689375648635390803e+00
-3.684178487888088327e+00
-3.677816082884831417e+00
-3.672646380953803469e+00
-3.668541373945191530e+00
-3.662506172486332812e+00
-3.655879444800014255e+00
-3.650193702820213826e+00
-3.645614924010771141e+00
-3.640797381748461792e+00
-3.634203900644838559e+00
-3.628935042220029050e+00
-3.623270122361504697e+00
-3.617018359916359227e+00
-3.611770975306401787e+00
-3.606415253737889071e+00
-3.601115690807447756e+00
-3.595651325861168424e+00
-3.590253826443816187e+00
-3.583665738149288238e+00
-3.578670079509089774e+00
-3.573888378566434376e+00
-3.568540067010814720e+00
-3.564065284916638987e+00
-3.557738293244421701e+00
-3.553394809658666720e+00
-3.547764972974972508e+00
-3.543205892006572988e+00
-3.537765629734357375e+00
-3.530656087193198012e+00
-3.525809301209452240e+00
-3.518990760707517929e+00
-3.514729548112035751e+00
-3.509622962518362588e+00
-3.504322697460131586e+00
-3.499300490423092658e+00
-3.493268168145836405e+00
-3.489552319656577417e+00
-3.484770374474399635e+00
-3.478767918218975019e+00
-3.473683980195515275e+00
-3.468648435514977812e+00
-3.462816443394886257e+00
-3.455833550469453730e+00
-3.451278558154034837e+00
-3.445747360405766013e+00
-3.440328169941259340e+00
-3.436672670451094369e+00
-3.430073283415286500e+00
-3.424281898821715853e+00
-3.419306110913143293e+00
-3.414911733587994380e+00
-3.409548334050646723e+00
-3.403155947672051873e+00
-3.397752159711123543e+00
-3.392472153106351751e+00
-3.386799572160914540e+00
-3.381956229076734211e+00
-3.377149443145822438e+00
-3.371244402578168931e+00
-3.365864502954454274e+00
-3.361692970385057322e+00
-3.355789800911435083e+00
-3.351146414726095202e+00
-3.344823170405018420e+00
-3.340185262823690326e+00
-3.333169501090543552e+00
-3.327748906274970331e+00
-3.323606777384131572e+00
-3.317614999573799128e+00
-3.312949507137096905e+00
-3.306706775122577824e+00
-3.302460516205278473e+00
-3.296316266965983566e+00
-3.291161961712611994e+00
-3.285854536455690145e+00
-3.281601853537703395e+00
-3.274784077488324119e+00
-3.270345399445493406e+00
-3.265118546131530852e+00
-3.260041629851861966e+00
-3.254940895950767743e+00
-3.249096237586404978e+00
-3.243883175194714585e+00
-3.238193365106979638e+00
-3.233825404473603005e+00
-3.229324855458748811e+00
-3.223256061147951268e+00
-3.218071814366072481e+00
-3.212923043071302054e+00
-3.207806390807254271e+00
-3.202942629484182735e+00
-3.197416639960444673e+00
-3.192899119591915635e+00
-3.188065586876295487e+00
-3.182399971018836649e+00
-3.176616403054229654e+00
-3.172400915958554890e+00
-3.166564892749994531e+00
-3.162009791487688126e+00
-3.155427584035729982e+00
-3.151412747584938945e+00
-3.145198524343625124e+00
-3.139953901187988894e+00
-3.135803184327591531e+00
-3.130674765722111896e+00
-3.124702176761871897e+00
-3.119973700598413391e+00
-3.115416972207287749e+00
-3.109463574420231691e+00
-3.105876358428186101e+00
-3.101297711206413066e+00
-3.096024380933825260e+00
-3.090576561093153263e+00
-3.085784799795890709e+00
-3.079444694837742524e+00
-3.074949481840205223e+00
-3.070908714508782555e+00
-3.065207655357265359e+00
-3.061011822786069203e+00
-3.056220709884116538e+00
-3.051789056610224371e+00
-3.045867475090421994e+00
-3.040565232727556300e+00
-3.034833290879005663e+00
-3.030723993413680706e+00
-3.025745257901457208e+00
-3.020655996799459064e+00
-3.015098421893603664e+00
-3.010180552613837879e+00
-3.004813597390288749e+00
-2.999867310604089621e+00
-2.995469557661110560e+00
-2.989928266905853338e+00
-2.985711184087254999e+00
-2.979899467990045459e+00
-2.974629642647708572e+00
-2.969391438574221276e+00
-2.963024746347314942e+00
-2.959318763625734316e+00
-2.954173990048182930e+00
-2.949630285383022077e+00
-2.945012555080759320e+00
-2.939075288861246804e+00
-2.934988269760218316e+00
-2.929328922750136233e+00
-2.924214287962554781e+00
-2.918454015545367763e+00
-2.913155190101894387e+00
-2.908562300809036216e+00
-2.904219880104022433e+00
-2.899135163199095366e+00
-2.894441572242997474e+00
-2.889352497201843839e+00
-2.884936860880128240e+00
-2.878553018700535926e+00
-2.875237877971751121e+00
-2.869083552379875446e+00
-2.863584490549291761e+00
-2.857745390603298574e+00
-2.853737385557799655e+00
-2.849261871018786696e+00
-2.843977548899752517e+00
-2.839039547228778382e+00
-2.833650971646324290e+00
-2.828796170779937835e+00
-2.823439435280527654e+00
-2.818108646451581656e+00
-2.813654920669373727e+00
-2.807423341086081603e+00
-2.802742743364627476e+00
-2.798527896155233563e+00
-2.793840070892867011e+00
-2.789507104151157879e+00
-2.783786842837535414e+00
-2.778905603958803816e+00
-2.773835662488189246e+00
-2.770473684399942460e+00
-2.765042038505806765e+00
-2.760806741456145019e+00
-2.756161380342371903e+00
-2.752492855225853408e+00
-2.747322248863074190e+00
-2.742504963177907484e+00
-2.736649925061855004e+00
-2.732966540427039792e+00
-2.728069296616213446e+00
-2.723980985878655225e+00
-2.719598278118673385e+00
-2.714675530207598442e+00
-2.709066581469440127e+00
-2.704250507846233109e+00
-2.699442353061599409e+00
-2.694502326502877576e+00
-2.688918932166109332e+00
-2.685436223174713977e+00
-2.680842873787586900e+00
-2.676366472135152996e+00
-2.671406937619785982e+00
-2.666159326258039197e+00
-2.662238278073959297e+00
-2.657157900766690783e+00
-2.652455713858816289e+00
-2.647977725342736122e+00
-2.642391876055411259e+00
-2.638433824769763181e+00
-2.633638299331860555e+00
-2.629407899399808901e+00
-2.623885918684649265e+00
-2.619051165356051758e+00
-2.614814828722624274e+00
-2.610193356175730894e+00
-2.605259872066292726e+00
-2.601003247330155421e+00
-2.596459575576973933e+00
-2.591272605410541718e+00
-2.586968631911134242e+00
-2.583006929136872465e+00
-2.578871913271788774e+00
-2.574214783567161824e+00
-2.569221194019521093e+00
-2.564740874762773792e+00
-2.559632876891854814e+00
-2.554833361353236132e+00
-2.550381896568708395e+00
-2.545102937585853820e+00
-2.540210901423385792e+00
-2.536898379952446714e+00
-2.530866947142816237e+00
-2.526133162040937741e+00
-2.520878178375322243e+00
-2.516945108215403071e+00
-2.510788059987531184e+00
-2.505624665885809232e+00
-2.501787890136188519e+00
-2.497143265702693959e+00
-2.492276370288956322e+00
-2.488036718699311756e+00
-2.484638759065525893e+00
-2.479466956014172663e+00
-2.474354491311977267e+00
-2.469334628286602218e+00
-2.465680873364736847e+00
-2.461648083350555183e+00
-2.456398843795509102e+00
-2.452446898278600074e+00
-2.447005184726228855e+00
-2.442433427990601924e+00
-2.438686561818664167e+00
-2.433937276785603121e+00
-2.429112614895843070e+00
-2.424326338747294862e+00
-2.419798464468529975e+00
-2.414684952264950279e+00
-2.410257374279101139e+00
-2.406432655594119563e+00
-2.402934642631715967e+00
-2.398046318031028967e+00
-2.393268596452119201e+00
-2.388881625101254791e+00
-2.384141121034823119e+00
-2.379497767871576741e+00
-2.374522196483132230e+00
-2.370044825890411211e+00
-2.364951192193620155e+00
-2.359786190938066408e+00
-2.356828888124470112e+00
-2.351842475284703138e+00
-2.348129451339168838e+00
-2.343283696384859116e+00
-2.339004042428669106e+00
-2.334410836670700817e+00
-2.329152729040155467e+00
-2.323566206252599908e+00
-2.319521230116203370e+00
-2.315064011329934779e+00
-2.310518440892720626e+00
-2.306717947791704137e+00
-2.302863263765668300e+00
-2.297905307637800210e+00
-2.294278695911836419e+00
-2.289220163295018651e+00
-2.285054119370850678e+00
-2.280643330373404165e+00
-2.276246199916990065e+00
-2.271181379222297458e+00
-2.267230477378274767e+00
-2.262830692268458677e+00
-2.258329031598987680e+00
-2.254183700628163312e+00
-2.249608494384800483e+00
-2.244962925886498706e+00
-2.241307627726980112e+00
-2.237055319593339586e+00
-2.232579096692379306e+00
-2.227729503319285875e+00
-2.222622449921610954e+00
-2.219234986241071628e+00
-2.214427025839511121e+00
-2.210799005384100457e+00
-2.205689889717929120e+00
-2.201096151735812967e+00
-2.196856288385920841e+00
-2.192604971631043398e+00
-2.188097197420189044e+00
-2.184315925680419657e+00
-2.180349652614765432e+00
-2.175217244640903491e+00
-2.170618821518715436e+00
-2.166589316774648388e+00
-2.163295682376262352e+00
-2.158671777140943604e+00
-2.154523808290195408e+00
-2.149454550268577346e+00
-2.145184692191909104e+00
-2.141104251408592507e+00
-2.136711577161710451e+00
-2.132670351145704579e+00
-2.126909871987725076e+00
-2.124059481531185067e+00
-2.119006343878818477e+00
-2.115265916026936477e+00
-2.110995431010397105e+00
-2.105586204431109998e+00
-2.103033502116148590e+00
-2.098555134052436433e+00
-2.093382055768570282e+00
-2.088469660042936216e+00
-2.084317467151131087e+00
-2.080506173441512452e+00
-2.076426874800460620e+00
-2.072294088087028641e+00
-2.067227390859551317e+00
-2.063434854034138510e+00
-2.059343808931965558e+00
-2.055037892521275555e+00
-2.051318620745044896e+00
-2.048109084800338486e+00
-2.044081758639336055e+00
-2.039777708403403000e+00
-2.035233472190816517e+00
-2.031200512872422426e+00
-2.028066272131998193e+00
-2.023703750881634900e+00
-2.018543519499843342e+00
-2.015136702771756383e+00
-2.011610002733427383e+00
-2.006317287183006837e+00
-2.002792719014077072e+00
-1.997773914912274629e+00
-1.993869767408618099e+00
-1.990451845654361840e+00
-1.986026279827089791e+00
-1.981564504307228525e+00
-1.977634073571513218e+00
-1.973861895040345482e+00
-1.969208566345209466e+00
-1.964999748207931995e+00
-1.960743481653087095e+00
-1.956459610782757652e+00
-1.951830059225635017e+00
-1.948036024137089983e+00
-1.943659623397031799e+00
-1.939002851598784494e+00
-1.935337241695021193e+00
-1.930804373605144342e+00
-1.926617940972082721e+00
-1.922982171436611321e+00
-1.918698388664310972e+00
-1.914046150302244342e+00
-1.910030416323099001e+00
-1.906184757687880538e+00
-1.901845845179355843e+00
-1.898866382150917076e+00
-1.894716516324220557e+00
-1.889809922054146663e+00
-1.886794927360946117e+00
-1.882832713330170105e+00
-1.878091939924232845e+00
-1.874668791231210996e+00
-1.870418482718303688e+00
-1.866047014187393938e+00
-1.861667497978799268e+00
-1.857706421825082943e+00
-1.852950510553116770e+00
-1.849306619082407677e+00
-1.845836933940735669e+00
-1.842011335509454062e+00
-1.837754349789157526e+00
-1.833303966271579988e+00
-1.830056400995441201e+00
-1.825570826042135941e+00
-1.821684971204187597e+00
-1.818151076901277863e+00
-1.813732367830031000e+00
-1.809478079113089333e+00
-1.805757391643947551e+00
-1.801246319221547765e+00
-1.797364067480092364e+00
-1.794006997397966208e+00
-1.789493092814348651e+00
-1.785651018605714180e+00
-1.781323905013656228e+00
-1.777839342442158799e+00
-1.773888586017176916e+00
-1.768232565069100648e+00
-1.765120290102313971e+00
-1.761480104301583971e+00
-1.757459614444868201e+00
-1.754274878541957294e+00
-1.750924637999634825e+00
-1.746710154333060538e+00
-1.741969874106235272e+00
-1.738354497699412082e+00
-1.734232656460547251e+00
-1.730418642997149759e+00
-1.727151453958867267e+00
-1.723194124102740643e+00
-1.719169792947498498e+00
-1.715585460183323807e+00
-1.711676736319207359e+00
-1.707716116450896493e+00
-1.704440318508180896e+00
-1.699492480719928977e+00
-1.696611147254899477e+00
-1.692821291085085722e+00
-1.688925513193807904e+00
-1.684857782423062611e+00
-1.680580242111108458e+00
-1.677386603557631028e+00
-1.672421533349504719e+00
-1.668522307778143254e+00
-1.664792616339926479e+00
-1.660825116839688587e+00
-1.656313090281276379e+00
-1.652443881152347194e+00
-1.648392820567324835e+00
-1.645220036258244978e+00
-1.642272641682471335e+00
-1.638700487201770750e+00
-1.634188247166381114e+00
-1.629697346544314973e+00
-1.626232123019739850e+00
-1.620873992136029784e+00
-1.617610633951471755e+00
-1.614452969773638280e+00
-1.610040194795946178e+00
-1.607951077052301558e+00
-1.603275877255834869e+00
-1.599762466902346913e+00
-1.596281435176820418e+00
-1.592798339554920339e+00
-1.589217312070579258e+00
-1.585232224497505005e+00
-1.582159001533928855e+00
-1.578373127308617452e+00
-1.573606753252232870e+00
-1.569643158638598157e+00
-1.566180627730126229e+00
-1.562971721169996275e+00
-1.559614115981358573e+00
-1.555671719202486258e+00
-1.550960759620267249e+00
-1.547080407661557189e+00
-1.543202899764423819e+00
-1.538935626686526392e+00
-1.535978469694838200e+00
-1.532594420166130122e+00
-1.528961363155484587e+00
-1.524205819542108875e+00
-1.521651094314381059e+00
-1.517974393505035158e+00
-1.514653291223880593e+00
-1.510442752066952554e+00
-1.505751241529122764e+00
-1.501463508830354066e+00
-1.498032954837596575e+00
-1.494082972435591516e+00
-1.490815424314705151e+00
-1.486841286588528765e+00
-1.482796140321653189e+00
-1.479992537537913488e+00
-1.475667167698979654e+00
-1.472216622382128914e+00
-1.468861641763715475e+00
-1.464665033071326006e+00
-1.461779372964449708e+00
-1.457229130812053519e+00
-1.452972865601170893e+00
-1.449213305447281774e+00
-1.445207649649386417e+00
-1.441982318641473748e+00
-1.438516363778245877e+00
-1.435449396620970042e+00
-1.431969281329584787e+00
-1.427124314314276221e+00
-1.424024450777759521e+00
-1.419745825181465415e+00
-1.416702444234702929e+00
-1.412139113058816564e+00
-1.408580886715262936e+00
-1.405205258974035143e+00
-1.402038209835938298e+00
-1.397378838350761932e+00
-1.394003242698299783e+00
-1.390767865384736179e+00
-1.387190155850024365e+00
-1.382981156600436856e+00
-1.379306188468631733e+00
-1.375246266608222800e+00
-1.372365100565794638e+00
-1.368473756404098962e+00
-1.364805719678299889e+00
-1.360985760732869920e+00
-1.357297780470328785e+00
-1.354349386167996716e+00
-1.351023264032034543e+00
-1.347624666101415958e+00
-1.344846347980692247e+00
-1.341404538841753258e+00
-1.336999567232656450e+00
-1.332638464125896594e+00
-1.330363765638654439e+00
-1.326949410599714607e+00
-1.322997448278908861e+00
-1.319198271245831222e+00
-1.315446896094869533e+00
-1.311530145081883481e+00
-1.308288921722190690e+00
-1.304996130669529242e+00
-1.301488871961701488e+00
-1.297958823883264889e+00
-1.294910735530138135e+00
-1.291294613733809715e+00
-1.287928732828194756e+00
-1.283735594945259795e+00
-1.279688687371636657e+00
-1.276731869802154362e+00
-1.273079013282218730e+00
-1.269743728290978035e+00
-1.266527166365041257e+00
-1.262969874927364344e+00
-1.259042187347970687e+00
-1.254967020725424209e+00
-1.252112634530657909e+00
-1.248673962409145188e+00
-1.245264219722877153e+00
-1.241652809204745855e+00
-1.238067242096344556e+00
-1.234620312513076357e+00
-1.231071846962976668e+00
-1.228335956130464979e+00
-1.225073844497056808e+00
-1.221766974054886434e+00
-1.217793898483292336e+00
-1.214439984503566050e+00
-1.210640715446955618e+00
-1.207512376099556750e+00
-1.203886685257095301e+00
-1.200036972357736875e+00
-1.196393029165294886e+00
-1.193350032229721913e+00
-1.190042397676802644e+00
-1.185513241075939472e+00
-1.182478947833769167e+00
-1.180286494834250854e+00
-1.176426525460937178e+00
-1.173050933964773890e+00
-1.169731286087998923e+00
-1.166225738409796708e+00
-1.162596051115492024e+00
-1.159401557436730901e+00
-1.156553898078381382e+00
-1.152533770387650813e+00
-1.149055715813602330e+00
-1.145502080676493506e+00
-1.142204983645984218e+00
-1.139560068319171782e+00
-1.135573090169305077e+00
-1.131550643357966290e+00
-1.128689456852904005e+00
-1.125054762035469391e+00
-1.121446378261823362e+00
-1.118298856535629771e+00
-1.115005017267086451e+00
-1.111442953093462860e+00
-1.108649381524148714e+00
-1.105132943400152667e+00
-1.101548138306781333e+00
-1.098183668861789641e+00
-1.094633619058234197e+00
-1.092135523799358854e+00
-1.088294602780388143e+00
-1.084828731549032588e+00
-1.081679989346459481e+00
-1.077321367951930675e+00
-1.074594872381262611e+00
-1.070915968902217186e+00
-1.067830646431081387e+00
-1.065075092984760774e+00
-1.060717182147331350e+00
-1.057390978708484974e+00
-1.054054458292663865e+00
-1.051047598090898871e+00
-1.047239012367128685e+00
-1.043736511700480207e+00
-1.040691060733994533e+00
-1.038045617779317364e+00
-1.034625441596213946e+00
-1.031159644897202021e+00
-1.028029813806385251e+00
-1.024329285269342860e+00
-1.021719230773172615e+00
-1.018991600185859658e+00
-1.015218228921333399e+00
-1.011877259726402745e+00
-1.008290781457375385e+00
-1.004975871986494074e+00
-1.000945903399889536e+00
-9.980314049083939265e-01
-9.946808580813182310e-01
-9.916719967740951214e-01
-9.886232280628005631e-01
-9.849926745471150324e-01
-9.819041155086932759e-01
-9.790021654084249958e-01
-9.759484778484578404e-01
-9.735043951452263533e-01
-9.705034941975793084e-01
-9.669215525451709814e-01
-9.638959495633874219e-01
-9.603220696374294985e-01
-9.576864956710829935e-01
-9.544140747782340339e-01
-9.509052776778984528e-01
-9.473141182995747922e-01
-9.445488482423969323e-01
-9.417480734053327307e-01
-9.381175777532340110e-01
-9.347977482049952824e-01
-9.319479256173497372e-01
-9.288413317124661894e-01
-9.257617817096384094e-01
-9.223169463334174312e-01
-9.190498684526020590e-01
-9.159121486930520417e-01
-9.134021641930309965e-01
-9.091848926264376463e-01
-9.055667505389611849e-01
-9.024364140549698821e-01
-8.989111881851606922e-01
-8.957346930036161892e-01
-8.930749991175541691e-01
-8.888916831633757454e-01
-8.863443565399665713e-01
-8.829756364261075463e-01
-8.803411052935131709e-01
-8.771798604850904457e-01
-8.736941989396942443e-01
-8.708134022658918783e-01
-8.681332792155160849e-01
-8.643357297377871618e-01
-8.610691729658289661e-01
-8.583743846094302743e-01
-8.553427618679471101e-01
-8.530294804606187720e-01
-8.499224911569664975e-01
-8.474433034112095475e-01
-8.434977610505983714e-01
-8.409224024900986416e-01
-8.372983878080840769e-01
-8.343220827403291517e-01
-8.316828203496998695e-01
-8.282478240403867709e-01
-8.250521796210195102e-01
-8.221569199409672901e-01
-8.196790106696515421e-01
-8.159107625903335714e-01
-8.128133192299334953e-01
-8.095550260481516602e-01
-8.068590537945247165e-01
-8.039707666619663184e-01
-8.016580334376556261e-01
-7.983260704330095159e-01
-7.944900034787319987e-01
-7.913672315125322987e-01
-7.890073871329873478e-01
-7.862162911046143288e-01
-7.835054983197117240e-01
-7.800884225455171350e-01
-7.768349903223444874e-01
-7.747311408087204088e-01
-7.720300039476998277e-01
-7.684317334782567732e-01
-7.653807591926390375e-01
-7.617502275483133412e-01
-7.585714921335602323e-01
-7.561248492493019002e-01
-7.528234402721952767e-01
-7.500759538325609821e-01
-7.475746816381830806e-01
-7.442800043267953081e-01
-7.415382096626533803e-01
-7.376652514645383185e-01
-7.343177818210889773e-01
-7.309444235105589938e-01
-7.274742656906043603e-01
-7.253852042285777735e-01
-7.222379030948926637e-01
-7.192577043322855301e-01
-7.159776967784502455e-01
-7.126532725877462449e-01
-7.091620059006149557e-01
-7.070263626916192257e-01
-7.047216872986297176e-01
-7.007943972104337949e-01
-6.981481057817316982e-01
-6.949489584388657271e-01
-6.925765436129223129e-01
-6.890586296281557832e-01
-6.862904538791251285e-01
-6.833381082652496552e-01
-6.807242596082017094e-01
-6.778409789594604939e-01
-6.750740170911779803e-01
-6.728460653893650889e-01
-6.697377577102663349e-01
-6.666027753723476890e-01
-6.640235292920441124e-01
-6.600188862067558615e-01
-6.565447977730959339e-01
-6.537661286362707047e-01
-6.506578318739764111e-01
-6.483309766162820287e-01
-6.456866235601509407e-01
-6.424725550171874744e-01
-6.395570860959621795e-01
-6.364544776642139245e-01
-6.343370739848458451e-01
-6.311133741483352377e-01
-6.286305962795952773e-01
-6.257001835534647949e-01
-6.226985284931088049e-01
-6.198916060762716951e-01
-6.163182539536350424e-01
-6.134015427101316975e-01
-6.105127674653422210e-01
-6.074905766560120268e-01
-6.051316312365617733e-01
-6.022346457574452305e-01
-5.992599159338584114e-01
-5.966588507158234744e-01
-5.938217783263902705e-01
-5.909474068298548044e-01
-5.887207126240558974e-01
-5.860321079524611898e-01
-5.832500970700674747e-01
-5.800201842515376738e-01
-5.773179201310661979e-01
-5.739763946851190735e-01
-5.713573980010635545e-01
-5.688515453160255531e-01
-5.664281607889354309e-01
-5.631164115064408726e-01
-5.604262966769592014e-01
-5.576702529256810648e-01
-5.547370449161411754e-01
-5.522940699124017083e-01
-5.490940312668541878e-01
-5.461748799559499323e-01
-5.434761020707372658e-01
-5.404942347655787849e-01
-5.378131826373294677e-01
-5.356116502752373831e-01
-5.322686990410276930e-01
-5.296340696889522137e-01
-5.260629839734678459e-01
-5.235977686535230324e-01
-5.206966813858489029e-01
-5.181728202416623352e-01
-5.152854085625619973e-01
-5.125556521219120087e-01
-5.096040754401722772e-01
-5.069524212477024561e-01
-5.049742813744227954e-01
-5.022035521046553930e-01
-4.993147245689678049e-01
-4.968272921986647273e-01
-4.940855210725177415e-01
-4.915138712587605041e-01
-4.887576593974965466e-01
-4.861014296921110089e-01
-4.833983084860944968e-01
-4.812704417481005748e-01
-4.780227971951297450e-01
-4.754157842900396669e-01
-4.725191024853719890e-01
-4.699625282528810399e-01
-4.673779735201770702e-01
-4.649440637534121845e-01
-4.620802855321092806e-01
-4.597803306872753071e-01
-4.560145724052364624e-01
-4.532797596310006449e-01
-4.509251251581632425e-01
-4.482592902866691653e-01
-4.453079133248918908e-01
-4.427989674489945515e-01
-4.405679666423329421e-01
-4.374825773542268537e-01
-4.347417574969163478e-01
-4.321966043706943483e-01
-4.294040616574407720e-01
-4.267841749011546670e-01
-4.241254677334704293e-01
-4.218692248181840632e-01
-4.190599928369082017e-01
-4.164971468795648502e-01
-4.142487111070249362e-01
-4.117420661931004422e-01
-4.092791531292326312e-01
-4.062634877395314703e-01
-4.036843277588662571e-01
-4.013305686467497635e-01
-3.983135041162660372e-01
-3.955446286487196983e-01
-3.933809373466027881e-01
-3.905804875913431728e-01
-3.871361533966420354e-01
-3.849070248064601074e-01
-3.825170736618854761e-01
-3.798290656455504122e-01
-3.759402184228765043e-01
-3.734022348013796289e-01
-3.714668318444646622e-01
-3.687480451651924951e-01
-3.658546355787490878e-01
-3.635105521115452043e-01
-3.616196255044294983e-01
-3.587429732071353849e-01
-3.560823126359326518e-01
-3.535248374378319181e-01
-3.514990358214497568e-01
-3.488351149953295982e-01
-3.462896946543604915e-01
-3.433818101629517727e-01
-3.408571856969544456e-01
-3.380365610148263200e-01
-3.356289596353426163e-01
-3.335287911644899683e-01
-3.306729464623572867e-01
-3.284992207076316562e-01
-3.259454688572966941e-01
-3.231044929796999532e-01
-3.207515961167963781e-01
-3.179441967826809323e-01
-3.155799056761253718e-01
-3.130635057083389627e-01
-3.107328427038071883e-01
-3.081333963590329739e-01
-3.049283793621108130e-01
-3.027831362138365123e-01
-3.000709342251860479e-01
-2.971119586661380985e-01
-2.949442241445917601e-01
-2.927506514227610768e-01
-2.902950004236907189e-01
-2.875400410100173443e-01
-2.849977892749898101e-01
-2.826673409935328563e-01
-2.809683539420561038e-01
-2.777905923819820599e-01
-2.755433308314520491e-01
-2.725031338040921347e-01
-2.703012359382871432e-01
-2.680216321555493608e-01
-2.653421396453510828e-01
-2.625834250834209738e-01
-2.605021511341641949e-01
-2.576991827161870807e-01
-2.548985586049756780e-01
-2.526132215915797286e-01
-2.501929463216231442e-01
-2.480276471022667406e-01
-2.449289660384511569e-01
-2.426280319827947840e-01
-2.397220619361237204e-01
-2.377125742496646876e-01
-2.349048139010672942e-01
-2.321627632536013841e-01
-2.302196055006768272e-01
-2.274555381837414791e-01
-2.244339266163684898e-01
-2.229723717993974397e-01
-2.206363506403950236e-01
-2.180265551441195326e-01
-2.155294579140782929e-01
-2.129956675089449691e-01
-2.108452584116614625e-01
-2.077760492268639902e-01
-2.058463327739930293e-01
-2.037422472890565439e-01
-2.016123074092934508e-01
-1.986486147045364858e-01
-1.963865103355270370e-01
-1.940275956648973843e-01
-1.914319398432434149e-01
-1.891978646747052850e-01
-1.863069635054799833e-01
-1.838833842358284509e-01
-1.819885515296819356e-01
-1.794256118091514252e-01
-1.768868100167274582e-01
-1.747127023515220590e-01
-1.726060389834729869e-01
-1.703928201723825531e-01
-1.679663585282021310e-01
-1.655934232650852767e-01
-1.625715399417840545e-01
-1.603547441216414404e-01
-1.577325570864047122e-01
-1.554499281797133980e-01
-1.533425542411639975e-01
-1.509671028477970744e-01
-1.482539032108975696e-01
-1.463320260396565320e-01
-1.436236764388105214e-01
-1.405914563629835634e-01
-1.381514591324883579e-01
-1.363593910847246404e-01
-1.334547409048365552e-01
-1.314779100482789675e-01
-1.293387602879946252e-01
-1.268956000723818756e-01
-1.242902637634590579e-01
-1.220963464622690231e-01
-1.192609031433370520e-01
-1.174660361346052950e-01
-1.148661930601555387e-01
-1.129106126593726889e-01
-1.103444678676349100e-01
-1.080072598175695064e-01
-1.055005078356855003e-01
-1.031142521496391518e-01
-1.009476633844956506e-01
-9.844266154996592078e-02
-9.630569082968405692e-02
-9.359881311262374659e-02
-9.133587645285906609e-02
-8.894633601976109638e-02
-8.713429497150000647e-02
-8.414331757764277608e-02
-8.229644610732168852e-02
-7.990340903502576864e-02
-7.799315912166350506e-02
-7.537618772240989307e-02
-7.313599384638461154e-02
-7.090832089320985021e-02
-6.896355539891890762e-02
-6.653823848768695981e-02
-6.409729774693290194e-02
-6.209166148096659926e-02
-5.984955638510486980e-02
-5.721605503922518737e-02
-5.416546275028582408e-02
-5.215594527172526251e-02
-4.967786966102667040e-02
-4.749232262418355555e-02
-4.548889433642986507e-02
-4.361500632660199328e-02
-4.110317674228773643e-02
-3.921425734558389026e-02
-3.669135587217061539e-02
-3.461918306215138602e-02
-3.184355615546061169e-02
-2.960956499586232804e-02
-2.721640349594347044e-02
-2.494636569798066791e-02
-2.224231293890415948e-02
-2.028339854515281288e-02
-1.792204240110529048e-02
-1.626359270865988110e-02
-1.391831541727877805e-02
-1.178572934666987509e-02
-9.774881139411511002e-03
-7.452162561798444593e-03
-5.968316031774576445e-03
-2.898218453948576360e-03
-9.376587388244069952e-04
1.027822656445031430e-03
3.844491420322490582e-03
6.101053779673959454e-03
7.625266958595287685e-03
1.027293230406004822e-02
1.204649498940596648e-02
1.432039190201655696e-02
1.620633760894720984e-02
1.826341539192965005e-02
2.053397858277994717e-02
2.312527831777046530e-02
2.515480279400661434e-02
2.766750430854881398e-02
2.947669789298800955e-02
3.187010569521629699e-02
3.416698278555807544e-02
3.638085436073145579e-02
3.852319761012588245e-02
4.094876436665228353e-02
4.292526751450182615e-02
4.501535893121611648e-02
4.679598293328470632e-02
4.928547347706586229e-02
5.147594018220481155e-02
5.330544349876751437e-02
5.577537207184855850e-02
5.830214917118196200e-02
5.996256339610452069e-02
6.202578824489264619e-02
6.437404417616841845e-02
6.627738682696825145e-02
6.833821780734071483e-02
7.053856655726035985e-02
7.251378495022617332e-02
7.484157776303931864e-02
7.674487592173923067e-02
7.867299461624135959e-02
8.086362992014602125e-02
8.280374174488015770e-02
8.500479701697001567e-02
8.722919166130781166e-02
8.917187083351221788e-02
9.099895090808424181e-02
9.299842070053644660e-02
9.518618099855619130e-02
9.698071926339432713e-02
9.891325012700666330e-02
1.012331760721730950e-01
1.032571727839899783e-01
1.049726166244910053e-01
1.072041179944989847e-01
1.092895185785335843e-01
1.113798940475934085e-01
1.133499607111966567e-01
1.152452107034902251e-01
1.178615186568332668e-01
1.201725531003005332e-01
1.222511751245645290e-01
1.244070162842324107e-01
1.267382760650748730e-01
1.289927816557732421e-01
1.309987255275772144e-01
1.327026815729552001e-01
1.350158746978921964e-01
1.371013344098540865e-01
1.391094534126137705e-01
1.406430422645396361e-01
1.430569107900775128e-01
1.447504437251334874e-01
1.470039768990042128e-01
1.490913322646897909e-01
1.509231404226694384e-01
1.541967213808238535e-01
1.562832448608668101e-01
1.579638715335291155e-01
1.600971089877942233e-01
1.619802153275985146e-01
1.645022479284318218e-01
1.660704073237599943e-01
1.684401310544054453e-01
1.704417783429898192e-01
1.727414602128183874e-01
1.742191050445527911e-01
1.765950253628456867e-01
1.787201524486548287e-01
1.809814629923764129e-01
1.830901746092596372e-01
1.852082906327369993e-01
1.873747236112272840e-01
1.892148372923198596e-01
1.914037413052685765e-01
1.933783101132464377e-01
1.959392019653606876e-01
1.978512871417216212e-01
1.994475655130342473e-01
2.016542763609781297e-01
2.035953084616366204e-01
2.055344300779877453e-01
2.072678923344256074e-01
2.096281582302429447e-01
2.116583825041266353e-01
2.137074813355640535e-01
2.157358374779489441e-01
2.176120051211170303e-01
2.198099871107968839e-01
2.219741946650683473e-01
2.239822055044160543e-01
2.262186040609590054e-01
2.282913562751893166e-01
2.303559835770606912e-01
2.323920639030455371e-01
2.339799831458778123e-01
2.359403294735910039e-01
2.380867121467677705e-01
2.403999604371526988e-01
2.422068386322897282e-01
2.438805502746448084e-01
2.459863195423450111e-01
2.480746316483761482e-01
2.502180967815774704e-01
2.518980609225983658e-01
2.541060549388847178e-01
2.559260567512591789e-01
2.579957665011533008e-01
2.602057886767774053e-01
2.621256821646876234e-01
2.639914238615687636e-01
2.658733887559658893e-01
2.676864543040586852e-01
2.698842660608330446e-01
2.717506151504791578e-01
2.734160565594048742e-01
2.755619637417650591e-01
2.778378620719896830e-01
2.795737797296797278e-01
2.812276260782677340e-01
2.833179853396545211e-01
2.848385813498705565e-01
2.870717116525334234e-01
2.892286642222513526e-01
2.912958973853682076e-01
2.929768359304329439e-01
2.949640420536147056e-01
2.971774004708818140e-01
2.989582827902877993e-01
3.008353551282916816e-01
3.031307158006851243e-01
3.048797547077387593e-01
3.065358047115358531e-01
3.083610634779099247e-01
3.106757597705703255e-01
3.128234956133431055e-01
3.147099771172711113e-01
3.170335396015403484e-01
3.184181592672482020e-01
3.208860766595814096e-01
3.228724982483799910e-01
3.244795326175803907e-01
3.263124472062272075e-01
3.285082517490720000e-01
3.304306585788365780e-01
3.317813930208890483e-01
3.334179063016068922e-01
3.361867616477007270e-01
3.378811873764319684e-01
3.397970673779218131e-01
3.416122622735303094e-01
3.435525773943801098e-01
3.452489235808710033e-01
3.478062408161731733e-01
3.493015378726928022e-01
3.515475870495573529e-01
3.531950111711899543e-01
3.549896179156841192e-01
3.569737688077311843e-01
3.584789772621602144e-01
3.607886458472042146e-01
3.621957357799415189e-01
3.643690925478481613e-01
3.663092717855628844e-01
3.680901862713775730e-01
3.697532903255272285e-01
3.716436594879075073e-01
3.739645067438101544e-01
3.761948224291114529e-01
3.779120668073229217e-01
3.796619111895874199e-01
3.815523339246028045e-01
3.830776044440102890e-01
3.851491684598339904e-01
3.876234837146705914e-01
3.893789782610535544e-01
3.913746561031473670e-01
3.933258289096970284e-01
3.948992215307844944e-01
3.968045570908660391e-01
3.981624103250668845e-01
4.003315666717737198e-01
4.024741653609725245e-01
4.043080024197151512e-01
4.058612020926937736e-01
4.078722756635660973e-01
4.099867663337617985e-01
4.116316344005579442e-01
4.137037079400671669e-01
4.157773996968905927e-01
4.174305265189617864e-01
4.190532956924629127e-01
4.206519574664674965e-01
4.228702576437977090e-01
4.244699721245922541e-01
4.260727611907738632e-01
4.284134600639529777e-01
4.301981480136675140e-01
4.320424509952079939e-01
4.337564059282218443e-01
4.353295672578195163e-01
4.371046798802416533e-01
4.391429509209109350e-01
4.411148904880345389e-01
4.432206890787451781e-01
4.449862359835180525e-01
4.465791883999153944e-01
4.487236103592688874e-01
4.506470809966352520e-01
4.524161084355779461e-01
4.540956550578817419e-01
4.560465396626492418e-01
4.579677925711888586e-01
4.594342538429868061e-01
4.612784728374255683e-01
4.631488632242100056e-01
4.650532835615086014e-01
4.665683504960507766e-01
4.684493428536440907e-01
4.696567850524169807e-01
4.719846828968615182e-01
4.739005155237435152e-01
4.760031798147869031e-01
4.776909901604646236e-01
4.792801234749733408e-01
4.811116445017769028e-01
4.831499531198595876e-01
4.847022642559115080e-01
4.865920400201139140e-01
4.882124585252796689e-01
4.893938745167950577e-01
4.917982317784261315e-01
4.935082740042125993e-01
4.955293684357442441e-01
4.973315956586597530e-01
4.992669306255183015e-01
5.007809828503083649e-01
5.027822214328320216e-01
5.043114444908625149e-01
5.064146188778393398e-01
5.086804037686639690e-01
5.098938355228732622e-01
5.118449390320605197e-01
5.138690159198007201e-01
5.160340130783189760e-01
5.174568514148201182e-01
5.193721784023507260e-01
5.211517307376474228e-01
5.234420412615967688e-01
5.249674891880028449e-01
5.268759647506932042e-01
5.283148598040067201e-01
5.300620087826465321e-01
5.320949284375202648e-01
5.337805843854481758e-01
5.358971815127414606e-01
5.377440489878859697e-01
5.391854113036137486e-01
5.411703969702938988e-01
5.427635444564077316e-01
5.445271226310242074e-01
5.463661456747475054e-01
5.483096392242724493e-01
5.500387323115053517e-01
5.518742856429349475e-01
5.535047277336022642e-01
5.550895771391453071e-01
5.567392361994707439e-01
5.587359530883740932e-01
5.598744502683452584e-01
5.616779946399359513e-01
5.634043654614909746e-01
5.655677541547616816e-01
5.671545109447853061e-01
5.690939033851433182e-01
5.711787533723410304e-01
5.728299741901854425e-01
5.745271378135561324e-01
5.756377680533719676e-01
5.776396509398550316e-01
5.793098057540423396e-01
5.809053866036890668e-01
5.824925060071296512e-01
5.844358129706289651e-01
5.860853455590142591e-01
5.882548111022819493e-01
5.902059798178417305e-01
5.919118071140534454e-01
5.934809488331711513e-01
5.953765807864885851e-01
5.971196898590247493e-01
5.989520388937565887e-01
6.010056953397578949e-01
6.024908840710447855e-01
6.041865083559422311e-01
6.061827343670694868e-01
6.078330331430841227e-01
6.094546078535026945e-01
6.109610230406132825e-01
6.128125675932181160e-01
6.148169233848435056e-01
6.165918030809104389e-01
6.182772202230861769e-01
6.198180151827619166e-01
6.216841025729658021e-01
6.234918952380607005e-01
6.253474149538853499e-01
6.269480798917780318e-01
6.287549922615021103e-01
6.306312786477588084e-01
6.322501176073276330e-01
6.342684576198160951e-01
6.360850925814733881e-01
6.379902367368851523e-01
6.396941050171236487e-01
6.414479740084341186e-01
6.430185369719362276e-01
6.444082453816706302e-01
6.464623410349523702e-01
6.478352001003578886e-01
6.497615641479324022e-01
6.514998335786238437e-01
6.532697853876325844e-01
6.549761592543248412e-01
6.565240685755425742e-01
6.579743074153517890e-01
6.599556498229627310e-01
6.613862628936828525e-01
6.630201036917555690e-01
6.647074411341468148e-01
6.663199325115616301e-01
6.678612604932292474e-01
6.697642989326353380e-01
6.714674853564799317e-01
6.733495007621450590e-01
6.749400348124338089e-01
6.765899449668713039e-01
6.786824793173976689e-01
6.803390359240829577e-01
6.819199734322184403e-01
6.836019206424513994e-01
6.854954966188820942e-01
6.871305485702947635e-01
6.891031440159870458e-01
6.903936149958503909e-01
6.918327045412281384e-01
6.934824680546225473e-01
6.953318746042946863e-01
6.966071801396550578e-01
6.987727562272151305e-01
7.001855928408443619e-01
7.018245015492813321e-01
7.033616244517569838e-01
7.050187508799219405e-01
7.064352645403200182e-01
7.082033808041816592e-01
7.100805732555339755e-01
7.115649838662051474e-01
7.129441334775437067e-01
7.151669326401992599e-01
7.167033660197532630e-01
7.182423295521415119e-01
7.199540235687880152e-01
7.215577169385706258e-01
7.231884552341426575e-01
7.248030204106326035e-01
7.264346269922512533e-01
7.278452153125558599e-01
7.294555217209798270e-01
7.315402438223517212e-01
7.331247303330596932e-01
7.351136656188722585e-01
7.369674911503131254e-01
7.384212267621707015e-01
7.398930440538616926e-01
7.412849310789807467e-01
7.434170562764188528e-01
7.446905381419131054e-01
7.464505353039153634e-01
7.481363176340376508e-01
7.500084790440699756e-01
7.520653799602584622e-01
7.534881331488402223e-01
7.554053455063388656e-01
7.570851703304474212e-01
7.585268698679674682e-01
7.602694326640176969e-01
7.620733150045722049e-01
7.634435410027634594e-01
7.648280099003433863e-01
7.671893793824317020e-01
7.688649265028845159e-01
7.707477696109930054e-01
7.719957314784541280e-01
7.738448713964154457e-01
7.756793395103851463e-01
7.770786845827234446e-01
7.786319050354625348e-01
7.804724242288582081e-01
7.825884597213009775e-01
7.839592493952507457e-01
7.856694430217157077e-01
7.874116164581471677e-01
7.889091183127090456e-01
7.908378449190578419e-01
7.925830298648411931e-01
7.940450439055263265e-01
7.955564034339762669e-01
7.975763976047377524e-01
7.992057278461659475e-01
8.008130313784431742e-01
8.023738710244004979e-01
8.043672128988448300e-01
8.061124840595098595e-01
8.075871670443376393e-01
8.090119232352310785e-01
8.103067190406928466e-01
8.119017027318816693e-01
8.138975537707252572e-01
8.157027496067832395e-01
8.171310237568599755e-01
8.187120754386189025e-01
8.206215030037199432e-01
8.219248547813005068e-01
8.234038440160733607e-01
8.252214226979063261e-01
8.268915269261349898e-01
8.288729196188725501e-01
8.303298177341091879e-01
8.318407160406622314e-01
8.338567450990078678e-01
8.356560863821208551e-01
8.373119960482828805e-01
8.386786956363916357e-01
8.401529947431358725e-01
8.418032832864125181e-01
8.433237825299086943e-01
8.447666829939368682e-01
8.468082750240327750e-01
8.483325816117076590e-01
8.498011854820531896e-01
8.514578385717207487e-01
8.532324649402786010e-01
8.552412498917794093e-01
8.570991671027142766e-01
8.584178725724321835e-01
8.602868732241538696e-01
8.620216080510831880e-01
8.637532829018894631e-01
8.652978422154896654e-01
8.671614814823652706e-01
8.690228091135393518e-01
8.705423414807473836e-01
8.724807427206259236e-01
8.739539398579843077e-01
8.755686424070538987e-01
8.769075219045497915e-01
8.788161060401243896e-01
8.804959540683595653e-01
8.819402116409970072e-01
8.833853996228255845e-01
8.847852966525400209e-01
8.869813587999618720e-01
8.888888324756712978e-01
8.903394020262970221e-01
8.923264220129553115e-01
8.936379296680214690e-01
8.951445948199249214e-01
8.967395639993881451e-01
8.984924462208555562e-01
8.998943364030674852e-01
9.015245460343190853e-01
9.033180709365539185e-01
9.047528844762180444e-01
9.064792281998971246e-01
9.081408742382018895e-01
9.097393163052156506e-01
9.112964593087899967e-01
9.130201939772868425e-01
9.144571080041533628e-01
9.163259135762682472e-01
9.176659685585168980e-01
9.191605045487666326e-01
9.208396136131454801e-01
9.222536968900292287e-01
9.238917994051244476e-01
9.250581465389030589e-01
9.273413681362427941e-01
9.289155319484442286e-01
9.301982132412125459e-01
9.319386605742745466e-01
9.336708265821055397e-01
9.354554663332507181e-01
9.371752464648527292e-01
9.391169678764996753e-01
9.403055279803188560e-01
9.420980534133414075e-01
9.435761931804546032e-01
9.447881444575618737e-01
9.461439793171724233e-01
9.477287674082409685e-01
9.492167748018194295e-01
9.510540870489537779e-01
9.523763672036399397e-01
9.539569465977121299e-01
9.556064576266625199e-01
9.571391021052870762e-01
9.588532247881632609e-01
9.604786092871981928e-01
9.621188051547863163e-01
9.636261742323432022e-01
9.654815596668094857e-01
9.674103656055059730e-01
9.685160646901505022e-01
9.700673094269980368e-01
9.719810660790476620e-01
9.733383368282347847e-01
9.748440876547950218e-01
9.759582448256450826e-01
9.775105323071252572e-01
9.797519373510888974e-01
9.812038931737007141e-01
9.826802934546097212e-01
9.843682603173828927e-01
9.862036353581449255e-01
9.878100749981649775e-01
9.891867323544520918e-01
9.910702743465221731e-01
9.930789211473859401e-01
9.944673600422760940e-01
9.962011191168118618e-01
9.975293052645970437e-01
9.992295543162147409e-01
1.000843014771030770e+00
1.002189043101776367e+00
1.003724214147181604e+00
1.005313954669713628e+00
1.006393362086957621e+00
1.008197140694615523e+00
1.009379772850917512e+00
1.011033787564488140e+00
1.012484561371763458e+00
1.014205738693445769e+00
1.015698305382011890e+00
1.017172741676464653e+00
1.018689955942449377e+00
1.020515010056437077e+00
1.021988250199336701e+00
1.023513407315890023e+00
1.024735855353035907e+00
1.026172415356708001e+00
1.027837323818707738e+00
1.029618777033314059e+00
1.031126185306440179e+00
1.032415821626704311e+00
1.033785682055331501e+00
1.035629146728067385e+00
1.037283993574823038e+00
1.038665150340849719e+00
1.040175374090861471e+00
1.041816699565858428e+00
1.043229366238255684e+00
1.045052498464829727e+00
1.046481977699794008e+00
1.048150377505039588e+00
1.049863137686910308e+00
1.051500639156338845e+00
1.053156410474271887e+00
1.054618804233403484e+00
1.056231508714245759e+00
1.057640443702944744e+00
1.059377901236142172e+00
1.060680932691457024e+00
1.062310559909666718e+00
1.064185533353366742e+00
1.065741088174576356e+00
1.067616207017508811e+00
1.069093588882982004e+00
1.070312770782394729e+00
1.072057502538636076e+00
1.073821658350081476e+00
1.075485120052812382e+00
1.076706723517928843e+00
1.077963840877975032e+00
1.079278842788349291e+00
1.080922634266433535e+00
1.082672057205140925e+00
1.084269735244191013e+00
1.085714295835930931e+00
1.087210884015813894e+00
1.088551355632751516e+00
1.090424027088559678e+00
1.092096182237110913e+00
1.093774486023607384e+00
1.095345303456968455e+00
1.097203111032367451e+00
1.099073140563771256e+00
1.100768262586115931e+00
1.102532132323403413e+00
1.103805887707419053e+00
1.105252645592131877e+00
1.106703471799309613e+00
1.108329843069055576e+00
1.109841347698538039e+00
1.111769663687492082e+00
1.113237026376976413e+00
1.114678018305899077e+00
1.116199924582160330e+00
1.117679359047536902e+00
1.119524869501349107e+00
1.121185727236658325e+00
1.122644865241719581e+00
1.124493070668851402e+00
1.125885841017658651e+00
1.127234547601232428e+00
1.128734872529189692e+00
1.129913334124599267e+00
1.131807566387389441e+00
1.133344081289535232e+00
1.134680170218504980e+00
1.136468255886175394e+00
1.138055526688610319e+00
1.139618067125642176e+00
1.141286132412305587e+00
1.142285933533739639e+00
1.143778273436918624e+00
1.145000594789205683e+00
1.146344063427542581e+00
1.148254629887790257e+00
1.150306520657612852e+00
1.151645199267998798e+00
1.153170946438509370e+00
1.154764844553038738e+00
1.156314447337314366e+00
1.157807915205908422e+00
1.159542280372240164e+00
1.160874166021055975e+00
1.162381739750907306e+00
1.163724843425237632e+00
1.165833210235003525e+00
1.167169444914832432e+00
1.168489497557239964e+00
1.170335150284187442e+00
1.171898499075427091e+00
1.173569634936451722e+00
1.174748383143114472e+00
1.176290384043473969e+00
1.177352137062928294e+00
1.178856058088819214e+00
1.180591999013227644e+00
1.182276721359559746e+00
1.184082235017925422e+00
1.185447066011611206e+00
1.186977534620666574e+00
1.188945637141397782e+00
1.190261658695260794e+00
1.191951073811382100e+00
1.193828313014614118e+00
1.195309057548541887e+00
1.196698660236197309e+00
1.198185744353684079e+00
1.199658478531843597e+00
1.201287177592073041e+00
1.202899076611325890e+00
1.204500281779288473e+00
1.206132285595985065e+00
1.207704101194838175e+00
1.209038413899464537e+00
1.210576670162718527e+00
1.212158767835581852e+00
1.213714471662175720e+00
1.215228959965179767e+00
1.216690554566496107e+00
1.218400539815240657e+00
1.219671019782025523e+00
1.221277396427483231e+00
1.222712484467403327e+00
1.224267296075493672e+00
1.225811189256544642e+00
1.227361667608731999e+00
1.228871491154806872e+00
1.230672135730173533e+00
1.232509759321061216e+00
1.233946476308580120e+00
1.235290122687124681e+00
1.236943071911280612e+00
1.238916239777169359e+00
1.240190980137417132e+00
1.241965128484248782e+00
1.243400265087112766e+00
1.244726613576836227e+00
1.246342332077618797e+00
1.247652328132680122e+00
1.249333411840783503e+00
1.250555284218612062e+00
1.252117827528355321e+00
1.253391199979314141e+00
1.254772831817199341e+00
1.256350948721146388e+00
1.257533427549649696e+00
1.258967076794928142e+00
1.260169944689576216e+00
1.262199372465850233e+00
1.263560500483854376e+00
1.265400844059651142e+00
1.267206221985839987e+00
1.268670678935777785e+00
1.270034880481244688e+00
1.271647373908333600e+00
1.273139342887946945e+00
1.274794822271102079e+00
1.276345681047673430e+00
1.277819473566658592e+00
1.279291543863544822e+00
1.280788201731997811e+00
1.282117769547284736e+00
1.283454850225005162e+00
1.284785000265187715e+00
1.286164465073503127e+00
1.287403100643494946e+00
1.289021794525891718e+00
1.290384078288154601e+00
1.292125523390364350e+00
1.293601354862253805e+00
1.295026503031535769e+00
1.296170680821899124e+00
1.298197318265375655e+00
1.299598193887188113e+00
1.301005759611944423e+00
1.302669957775471232e+00
1.304093796568716490e+00
1.305327621831403828e+00
1.306962573771501379e+00
1.308441814911591949e+00
1.309920308854843451e+00
1.311494884970430208e+00
1.313138984865622527e+00
1.314343171807855981e+00
1.316210636030122449e+00
1.317890122397588071e+00
1.319227967803658252e+00
1.320575166530041145e+00
1.321968881453908562e+00
1.323492515708028394e+00
1.325185056812821616e+00
1.326367886323158496e+00
1.328049262384469520e+00
1.329173250556839658e+00
1.330627498506118833e+00
1.332365381044687380e+00
1.334111861344299266e+00
1.335014945667721387e+00
1.336401457124907877e+00
1.338062681350189687e+00
1.339763822738682553e+00
1.341194435270727903e+00
1.342794316789750475e+00
1.344264672816347206e+00
1.345835730530594354e+00
1.347052030249934695e+00
1.348868200665160888e+00
1.350248752283083276e+00
1.351751334424797779e+00
1.353762496181371011e+00
1.355068608693844379e+00
1.356790344365878864e+00
1.358252850186615124e+00
1.359734988789532917e+00
1.361151238111805606e+00
1.363013669799477690e+00
1.364259987716609723e+00
1.365586614912997598e+00
1.367329327838858744e+00
1.368601469131527804e+00
1.370193190397763994e+00
1.371787662567693244e+00
1.373110748440353746e+00
1.374508675955747883e+00
1.375908637297469594e+00
1.377534208775140323e+00
1.379342494985379863e+00
1.381225956713731051e+00
1.382921946044555206e+00
1.384369615079184435e+00
1.386157618275445369e+00
1.387338266969794009e+00
1.388974386395569693e+00
1.390592912990593399e+00
1.391859209745428538e+00
1.393354713048240878e+00
1.394712898084446984e+00
1.396383509288676494e+00
1.397542562541508770e+00
1.399142064849077105e+00
1.400778972319743243e+00
1.402389542506611519e+00
1.403938469209950357e+00
1.405385667760415291e+00
1.406807623467480450e+00
1.407994638415752453e+00
1.409180912989884904e+00
1.410756153768063959e+00
1.412164435632542903e+00
1.413497937928497317e+00
1.414851536979028435e+00
1.416506649481514613e+00
1.417909751564480958e+00
1.419422815077989952e+00
1.420937624888449324e+00
1.422670226474587407e+00
1.424187569983164758e+00
1.425315800578009551e+00
1.426615946126452483e+00
1.428307005765212301e+00
1.430056894412689905e+00
1.431445289929183851e+00
1.433539194350485824e+00
1.434946202056578635e+00
1.436598210131727615e+00
1.438232190801219668e+00
1.439833835664100947e+00
1.441171798799195658e+00
1.442571489582176403e+00
1.444063859930420968e+00
1.445768030180835995e+00
1.447237941889142121e+00
1.448610873556193557e+00
1.450071136702689056e+00
1.451355050291164739e+00
1.453016056807513223e+00
1.454439414470675151e+00
1.456004453869718107e+00
1.457509584575552797e+00
1.459177560355189529e+00
1.460667685391206394e+00
1.462614617839349762e+00
1.463852433253839402e+00
1.465069006358876713e+00
1.466248167785735967e+00
1.467489791414978928e+00
1.468955238601716617e+00
1.470662099128140499e+00
1.471855213199614099e+00
1.473399987224446095e+00
1.474840306743919971e+00
1.476269394819420322e+00
1.477990475014802740e+00
1.479221478461348882e+00
1.480446222355706221e+00
1.482033350102014646e+00
1.483473771899062266e+00
1.484786101294386151e+00
1.486437607430885155e+00
1.487679328369754694e+00
1.488867051173153433e+00
1.490451104477536148e+00
1.491974078559010541e+00
1.493243506436779944e+00
1.495016456838877961e+00
1.496174268636852878e+00
1.497883091502824060e+00
1.498900613584354558e+00
1.500318536498842059e+00
1.501415434747562783e+00
1.503222188231877476e+00
1.504896266119980730e+00
1.506301952700670022e+00
1.507668283010305421e+00
1.508958887934059634e+00
1.510679411742675393e+00
1.512213102911797780e+00
1.513666573790934056e+00
1.514787012684316370e+00
1.516160676697757337e+00
1.517399649274694395e+00
1.518964002324082463e+00
1.520573508294686293e+00
1.522100698759781823e+00
1.523780569059918877e+00
1.525272817090882027e+00
1.526829783770516036e+00
1.528261218042050062e+00
1.529712791455921428e+00
1.530957394242274061e+00
1.532569826304533311e+00
1.534278011433683142e+00
1.535678231745421174e+00
1.537104269249770505e+00
1.538620637383819600e+00
1.540177427972413415e+00
1.541571480792632398e+00
1.542913167576069888e+00
1.544271070730302675e+00
1.546112448003691631e+00
1.547516460825796081e+00
1.549005157945054112e+00
1.550498774903960486e+00
1.551949439670872177e+00
1.553259810753568670e+00
1.554636002747472379e+00
1.555909021794170011e+00
1.557213278604214990e+00
1.558583609379355250e+00
1.560003891562435907e+00
1.561398592252923434e+00
1.563030164673276268e+00
1.564800171867492429e+00
1.566549353151118318e+00
1.567792423404715585e+00
1.568953896125612868e+00
1.570588832011413194e+00
1.571917133847640091e+00
1.572978259870029261e+00
1.574506981716145670e+00
1.575838486629422386e+00
1.577101842076751970e+00
1.579234228446705579e+00
1.580433756127086253e+00
1.581951288171570269e+00
1.583041863229325275e+00
1.584327234403638096e+00
1.585770799612313597e+00
1.587346685569329452e+00
1.588531200570941992e+00
1.590001653836694118e+00
1.591653101707177109e+00
1.593406225110337582e+00
1.594738467257601933e+00
1.596041112945424834e+00
1.597737116472642827e+00
1.599007332138034254e+00
1.600358974029709058e+00
1.602061590575275973e+00
1.603624585439962225e+00
1.604882522312649273e+00
1.606422878313517710e+00
1.608128407104366664e+00
1.609318763295793486e+00
1.610769823799050648e+00
1.612352322320086850e+00
1.613883640923552854e+00
1.615109512503877465e+00
1.616738028051233123e+00
1.618102035981418663e+00
1.619762916796931185e+00
1.621023081161893753e+00
1.622627244941504454e+00
1.624023796264554731e+00
1.625765584951400111e+00
1.626892949339732608e+00
1.628119615918553142e+00
1.629849059021270641e+00
1.631559436956227405e+00
1.633194838334657062e+00
1.634601728277500055e+00
1.636009381357712567e+00
1.637685187075580417e+00
1.639171772729531407e+00
1.640695469369046311e+00
1.642001747656271826e+00
1.643464649303472802e+00
1.644997044734944902e+00
1.646120485642449838e+00
1.647343999951217608e+00
1.648745747258265171e+00
1.650624008187021596e+00
1.652172454110790500e+00
1.653453600540442769e+00
1.655135944602496467e+00
1.656654114483911311e+00
1.657948213994260733e+00
1.659688725474208981e+00
1.661455837822465753e+00
1.662670593574573807e+00
1.664359310421852145e+00
1.666054914514961904e+00
1.667514583458705735e+00
1.668737772838453370e+00
1.670228484493372356e+00
1.671546144205400708e+00
1.672932665561710275e+00
1.674131680538297751e+00
1.675582130169781525e+00
1.676779899625010728e+00
1.677960970211380909e+00
1.679629494888067232e+00
1.680916744231930382e+00
1.682492770192855147e+00
1.683687254193915850e+00
1.684944516703971162e+00
1.686004766641689523e+00
1.687490280682693911e+00
1.688985487426255760e+00
1.690275106479962597e+00
1.692006195594120577e+00
1.693429319599878413e+00
1.694943388714871491e+00
1.696682429710149043e+00
1.697861971853530827e+00
1.698944835438694012e+00
1.700412960579468891e+00
1.702179517817166809e+00
1.703403769928630851e+00
1.704931799312640273e+00
1.706405060757671510e+00
1.708029156343173316e+00
1.709313367985438425e+00
1.710382772905529647e+00
1.711971196846602705e+00
1.713523226055401416e+00
1.714897245009197935e+00
1.716419079311722218e+00
1.717486247065711513e+00
1.719032972906440637e+00
1.720810276317614074e+00
1.722093272332642311e+00
1.723189006712264160e+00
1.725070223705917227e+00
1.726516920155181323e+00
1.727864297969168517e+00
1.729487904251529207e+00
1.731100304090551711e+00
1.733214245895858152e+00
1.734565071719288198e+00
1.736191344574976592e+00
1.737012321382272795e+00
1.739004987486938658e+00
1.740805211800028340e+00
1.742468155595919388e+00
1.743937293652600973e+00
1.745474356172895147e+00
1.746911800532537029e+00
1.748293348073445719e+00
1.749504618483010088e+00
1.750776676338692273e+00
1.752611047681374101e+00
1.753454912127084375e+00
1.754634799719409388e+00
1.756239502852940726e+00
1.757727809512185324e+00
1.759146810898507551e+00
1.760851723739323971e+00
1.762533984992025848e+00
1.763773573712557274e+00
1.765068202309735712e+00
1.766497376276379150e+00
1.767890562834371515e+00
1.769443029060200567e+00
1.770749407607600023e+00
1.772516006701658764e+00
1.774040334269701535e+00
1.775433015409217274e+00
1.776399245831569607e+00
1.778516636171652010e+00
1.780110736210110067e+00
1.781526732127944657e+00
1.783008391010349802e+00
1.784431215824587635e+00
1.786305012933225411e+00
1.787796503239813761e+00
1.789502490601796891e+00
1.790680034805930188e+00
1.792125978794955499e+00
1.793779336512584921e+00
1.795078175372780249e+00
1.796503523853495876e+00
1.798069317298134795e+00
1.798823698240312297e+00
1.800348565889288599e+00
1.801663572024416515e+00
1.802920460300186267e+00
1.804255778201864890e+00
1.805515684656894049e+00
1.806726369607503324e+00
1.808224181290531307e+00
1.809592730609888678e+00
1.810700649279227914e+00
1.812171693511848591e+00
1.813783414351697543e+00
1.815170401627928642e+00
1.816555254861214941e+00
1.817934236653532265e+00
1.819471452086417251e+00
1.821109210793047328e+00
1.822432927758748766e+00
1.823729770985433429e+00
1.825124351670537770e+00
1.826621362497283352e+00
1.828090178259963672e+00
1.829336759325258521e+00
1.830966617958675435e+00
1.832645160541868767e+00
1.833837595102636886e+00
1.835411173261963125e+00
1.836946760650256749e+00
1.838662528073907509e+00
1.840300451644279134e+00
1.841655600257147363e+00
1.843067872055192291e+00
1.844634656188833377e+00
1.845956365048810000e+00
1.847653848922887976e+00
1.849063745767046241e+00
1.850467202278959222e+00
1.852134540427962772e+00
1.853689185509614479e+00
1.855396477973677127e+00
1.856299802768737406e+00
1.857911634226325548e+00
1.859487806920295805e+00
1.860737584190885086e+00
1.861956190872234407e+00
1.863232444546632172e+00
1.864702390989234182e+00
1.866028186552572521e+00
1.866916754807772305e+00
1.868396956790434604e+00
1.869892439596842815e+00
1.870985993944774162e+00
1.872385611732148902e+00
1.874044758967715163e+00
1.875357390472378372e+00
1.876626919940098892e+00
1.878319002172756713e+00
1.879831075782222749e+00
1.881674524544695304e+00
1.883456585798499283e+00
1.884882582054102418e+00
1.886465421394904585e+00
1.888367454072542806e+00
1.889634664341603321e+00
1.890904551865777217e+00
1.892596678022845591e+00
1.893681620061251847e+00
1.895109723026053405e+00
1.896538648031179886e+00
1.898009347241575329e+00
1.899484647079660471e+00
1.900922378321993511e+00
1.902777741561109126e+00
1.904401730084254840e+00
1.905995384603862419e+00
1.907270968587083226e+00
1.908485607571273057e+00
1.909784483695603496e+00
1.911004487304748700e+00
1.912074284992251627e+00
1.913389553408720412e+00
1.915045118567353821e+00
1.916781560697581765e+00
1.917948399154265182e+00
1.919324361785359701e+00
1.921083367383047413e+00
1.922369696264340844e+00
1.924078027832359261e+00
1.925343714959973029e+00
1.926629599763044265e+00
1.927828645878715275e+00
1.929342606035240992e+00
1.930710170249568591e+00
1.932518264441623224e+00
1.933627108898652081e+00
1.934814473151696301e+00
1.936038296500197431e+00
1.937737921210837433e+00
1.939552753534052654e+00
1.941012564178810740e+00
1.942455279133913582e+00
1.943755664794103000e+00
1.945238165806359110e+00
1.946700473559601852e+00
1.948141813714979298e+00
1.949672359185432358e+00
1.951397670611564106e+00
1.952852511527109813e+00
1.954006609644435288e+00
1.955501504357110010e+00
1.956830611330277581e+00
1.958534739923736501e+00
1.959909479901464469e+00
1.961720455658971796e+00
1.963294356573382915e+00
1.964546990907276136e+00
1.965645536690376893e+00
1.967301686462199717e+00
1.968554440864118460e+00
1.970237730558511036e+00
1.972057571873596205e+00
1.973335852664677814e+00
1.974846472541578857e+00
1.976040673381646684e+00
1.977530888035898160e+00
1.979157939996669002e+00
1.980282046509765470e+00
1.982045557736838104e+00
1.983432128982542286e+00
1.984879497647431545e+00
1.986487047245123705e+00
1.987792249050414295e+00
1.989269671962273778e+00
1.990563594667278835e+00
1.992441286078076024e+00
1.994148454875571019e+00
1.995209926380998589e+00
1.996383418571757939e+00
1.997774895229170067e+00
1.998936966377129476e+00
2.000558020061097064e+00
2.001713428207265721e+00
2.003552559793821519e+00
2.004568744473113284e+00
2.006320157060228482e+00
2.007561638564291151e+00
2.008886266671563448e+00
2.010836597030263295e+00
2.012115748172441432e+00
2.013938342314096186e+00
2.015788514591019265e+00
2.017314637299443714e+00
2.019021461381484972e+00
2.020269188337350919e+00
2.021485327385925235e+00
2.023355694514593406e+00
2.024495041758572089e+00
2.025845118301498271e+00
2.027207013295187821e+00
2.028489563059880041e+00
2.030422265902676049e+00
2.031759413020716831e+00
2.032995039007528870e+00
2.034504382934528177e+00
2.036302260430855604e+00
2.037935795745038359e+00
2.039171814865874843e+00
2.040624825062395953e+00
2.041949534614188710e+00
2.043197009646777751e+00
2.044772504135942359e+00
2.046214207764975868e+00
2.047399312460282950e+00
2.048769152295628171e+00
2.050031367422618711e+00
2.051597432513268426e+00
2.052670933671006726e+00
2.054175324418701098e+00
2.055763705558019794e+00
2.056895792843336235e+00
2.058517595561970559e+00
2.059589593069067970e+00
2.061219482817404192e+00
2.062692629952350476e+00
2.064075381840339229e+00
2.065337687684189572e+00
2.067077670116677535e+00
2.068886031415627436e+00
2.070392084939100652e+00
2.071582343716951602e+00
2.073165238527511445e+00
2.074255309429143157e+00
2.075494614500459800e+00
2.076816920544902079e+00
2.078174600337426181e+00
2.079733796970968829e+00
2.080977945795574158e+00
2.082462226566063723e+00
2.084381302199527219e+00
2.085729595668956993e+00
2.086943853043748298e+00
2.088647738765726736e+00
2.089756739880476388e+00
2.090961799485355321e+00
2.092091185542039877e+00
2.093740574773470975e+00
2.095606191308212018e+00
2.097004611392749407e+00
2.098258933901171464e+00
2.099675726377816520e+00
2.101719996294732162e+00
2.102962431310926306e+00
2.104502124461061108e+00
2.105986729438682481e+00
2.107420933749136971e+00
2.108644561343151036e+00
2.110175667673842348e+00
2.111424578072811808e+00
2.112999252504641934e+00
2.114242875106868702e+00
2.115743518434231696e+00
2.117086160174149079e+00
2.118751246659894782e+00
2.120065872400533902e+00
2.121586688072300664e+00
2.122764105681215874e+00
2.124684346972623317e+00
2.126363237935498862e+00
2.127752534134357720e+00
2.129320735400942244e+00
2.130749078222426096e+00
2.132441801422029215e+00
2.133903452602561757e+00
2.135267174022506875e+00
2.136916504901217539e+00
2.138250944218940575e+00
2.140026531824639644e+00
2.141347985426511613e+00
2.142580970621493552e+00
2.143790492627855482e+00
2.145727141924005821e+00
2.147145497220792620e+00
2.148423202547717903e+00
2.149669636624027103e+00
2.151310632510010645e+00
2.153245680384058058e+00
2.154617323849623123e+00
2.156640798542988069e+00
2.157835525812774158e+00
2.158905474016376225e+00
2.160083894471064081e+00
2.161735433171808829e+00
2.163184100449011105e+00
2.164821464987907618e+00
2.166440972633959738e+00
2.167906132432153576e+00
2.169499182276518390e+00
2.170947731905809253e+00
2.172307126343554717e+00
2.173413090277807491e+00
2.175280945688454093e+00
2.176512736721847308e+00
2.177828292361148055e+00
2.179210555369102575e+00
2.180766119896474731e+00
2.181938273471158318e+00
2.183881339994442783e+00
2.185356814699155770e+00
2.187105332493191945e+00
2.187986444582128431e+00
2.189357900527010070e+00
2.190747195959907412e+00
2.192313249705831524e+00
2.193564296996322494e+00
2.195281344467947982e+00
2.196643728758868708e+00
2.198306744246953048e+00
2.199447853605113412e+00
2.201270574999598661e+00
2.202808715743971746e+00
2.204364631740547420e+00
2.205628666616274991e+00
2.206828390634795856e+00
2.208144260467983955e+00
2.209961540467743735e+00
2.211522828480823932e+00
2.212736740767728083e+00
2.214387669507788203e+00
2.215810141732995842e+00
2.217558806390946824e+00
2.219242323171553899e+00
2.220765904783747580e+00
2.222053299588057307e+00
2.223551288277401561e+00
2.224899843256258780e+00
2.226489907241893995e+00
2.227638539610099944e+00
2.229197253056581118e+00
2.230778945394624291e+00
2.232269999572483066e+00
2.234167543837692005e+00
2.235190719853183960e+00
2.236502576603740966e+00
2.238074258515913240e+00
2.239120269482201664e+00
2.240533263888648374e+00
2.242316153713554527e+00
2.243801472743136571e+00
2.245389646603619394e+00
2.246675479146172716e+00
2.248115436740077300e+00
2.249359300729918409e+00
2.251225272649244769e+00
2.252717497228323928e+00
2.254117467315520873e+00
2.255389484729959371e+00
2.257089332170080453e+00
2.258505400614780001e+00
2.259664981078766566e+00
2.260807665249493947e+00
2.261910336812267719e+00
2.263357196884959510e+00
2.264925023320802033e+00
2.266601774895186328e+00
2.267709373804416284e+00
2.268976422416396854e+00
2.270649658298105944e+00
2.272280381635302771e+00
2.274072154539071189e+00
2.275375289241092336e+00
2.276617405849918452e+00
2.278323359208223930e+00
2.279638075002983211e+00
2.281159389148887939e+00
2.282392329567833222e+00
2.283651396594602812e+00
2.285196863658695676e+00
2.286785898798468164e+00
2.288078676109869036e+00
2.289624360087971322e+00
2.290814652056716305e+00
2.292303623870831863e+00
2.293361161291211037e+00
2.294819892611611678e+00
2.297085040471721573e+00
2.298405886431188705e+00
2.300322611218978519e+00
2.301402827326210154e+00
2.302679235120763224e+00
2.304033103686324857e+00
2.305256620994994066e+00
2.306432771589364439e+00
2.307969884629571311e+00
2.309297294746069262e+00
2.310755266510590822e+00
2.312370072111952890e+00
2.314396088080938885e+00
2.316110656660015366e+00
2.317197762416297824e+00
2.318683418330792723e+00
2.319999084505294906e+00
2.321367674296735739e+00
2.322559503540507553e+00
2.323944193303794314e+00
2.325604366927335409e+00
2.326951608947218197e+00
2.328283241811820226e+00
2.329968343843354717e+00
2.331441991546538084e+00
2.332651175713576386e+00
2.334258906472365780e+00
2.335457051374643545e+00
2.337181182819004110e+00
2.338673943983257342e+00
2.340085739563683820e+00
2.341258840699228294e+00
2.342248533120396825e+00
2.343651906499362614e+00
2.345146393312422806e+00
2.346263439317977983e+00
2.347416722044260773e+00
2.349094670652556172e+00
2.350446997489600065e+00
2.351768281056460630e+00
2.353192990523087058e+00
2.354481378372458966e+00
2.356283962246872754e+00
2.357586083886765049e+00
2.359250506986346974e+00
2.360737969158407612e+00
2.362009099041051385e+00
2.363571737568117115e+00
2.365029473873518917e+00
2.366308301618361476e+00
2.368053355777975266e+00
2.369227377447821414e+00
2.370697657861752905e+00
2.372353120575345642e+00
2.373799556721099879e+00
2.375245292409777331e+00
2.376636885840756275e+00
2.377961823882244641e+00
2.379131180780967192e+00
2.380391694180594708e+00
2.381889722081837579e+00
2.383373911570819903e+00
2.384533883861615688e+00
2.385792056050530352e+00
2.387200562819843164e+00
2.388830794005825098e+00
2.390454191199446132e+00
2.391535904618907971e+00
2.392948098795030454e+00
2.394410172237556811e+00
2.395733987814244959e+00
2.397071103586936758e+00
2.398256620838207009e+00
2.400013808321417752e+00
2.401229300492139007e+00
2.402635093319767545e+00
2.404173477209028853e+00
2.405345755453805356e+00
2.406479596701290635e+00
2.407838460980576301e+00
2.409003332066703251e+00
2.410204234886019314e+00
2.411745172293641826e+00
2.413235580487671950e+00
2.414882032036305581e+00
2.416535845140805883e+00
2.418173051902520410e+00
2.419750025857837272e+00
2.421155393858702265e+00
2.422730527438165193e+00
2.424267197303576094e+00
2.425767568862637003e+00
2.427472962890841579e+00
2.429132756312109453e+00
2.430481413201612817e+00
2.432054786240855915e+00
2.433781991228875619e+00
2.435174998185594131e+00
2.436351957562227888e+00
2.437544130169592371e+00
2.438994709789592541e+00
2.440650179476445469e+00
2.442092448185054998e+00
2.443432172475501041e+00
2.444833466703526081e+00
2.446361072816435556e+00
2.448143212289107584e+00
2.449772209177112803e+00
2.451237541140971476e+00
2.452704705190569712e+00
2.453675139489368551e+00
2.455184891638025224e+00
2.456828900739518318e+00
2.458594176460134229e+00
2.459959496709776872e+00
2.461322225450675028e+00
2.463011476782665632e+00
2.464198537057715743e+00
2.465399337096608967e+00
2.467206343538695723e+00
2.468543719969215733e+00
2.469972012813232531e+00
2.471256211006314540e+00
2.472645911129232488e+00
2.473797503188011948e+00
2.475439851029377802e+00
2.476966496755514058e+00
2.478261677802603646e+00
2.479774002602950222e+00
2.481340981896595910e+00
2.483053365322748895e+00
2.484288887143283553e+00
2.485895570629546025e+00
2.487055918859078396e+00
2.488760972208496458e+00
2.490060216237279356e+00
2.491486059855705815e+00
2.493020542376404247e+00
2.494527041683866742e+00
2.495982625121031973e+00
2.497990800183361504e+00
2.499368183034624824e+00
2.501256217900134970e+00
2.502428125408498349e+00
2.504389897877326465e+00
2.505778882631808369e+00
2.507528533432849649e+00
2.508962203143208836e+00
2.510196716249478488e+00
2.511280793818306378e+00
2.512304929031879741e+00
2.513805890496610296e+00
2.515153646847604119e+00
2.516355958879068933e+00
2.518085593422699109e+00
2.519681575961592923e+00
2.521037733300252270e+00
2.522911774711964039e+00
2.523997549328187873e+00
2.525409536695450985e+00
2.527210149534356631e+00
2.528329708050476743e+00
2.530070590104127159e+00
2.531603737933520559e+00
2.533405627229219803e+00
2.534958677856107290e+00
2.536284792949561773e+00
2.537622196828662080e+00
2.539668377807801303e+00
2.541418341045644347e+00
2.542648752169652582e+00
2.543998572129414715e+00
2.545415922190597424e+00
2.547010219078814419e+00
2.548034242063144994e+00
2.549641691220259521e+00
2.551197546626671642e+00
2.552865008989820605e+00
2.554459517093762511e+00
2.555773592308656639e+00
2.557308962032489141e+00
2.558667866964654536e+00
2.560089200462908998e+00
2.561485094190496969e+00
2.562821476883446969e+00
2.563787475014345674e+00
2.565250950590254320e+00
2.566553831950431075e+00
2.567556310825006349e+00
2.569092188597644544e+00
2.570521896382333971e+00
2.572160557763151889e+00
2.573985036167276252e+00
2.575112028255602148e+00
2.576718320826655972e+00
2.578483943254265220e+00
2.579999612381430385e+00
2.581755811996771399e+00
2.583178565776028446e+00
2.584813876344624450e+00
2.586133966998183542e+00
2.587841848712582937e+00
2.589119368960326462e+00
2.590371409455551444e+00
2.591256839048796223e+00
2.592556393831147332e+00
2.594002347266483266e+00
2.595509278657104790e+00
2.597127565633925883e+00
2.598130946853511869e+00
2.599668397390492380e+00
2.601531966857055345e+00
2.602845097861299362e+00
2.604188782479625264e+00
2.605595285847020381e+00
2.606941527337384379e+00
2.607992459261026852e+00
2.609425467295034995e+00
2.611182450813518852e+00
2.612713227078409250e+00
2.614227299914999136e+00
2.615524085308087443e+00
2.617003554335643134e+00
2.618254355699335623e+00
2.620077091766293886e+00
2.621260449320295560e+00
2.622964230639277972e+00
2.624175987106936336e+00
2.626227394374547774e+00
2.627780685825071405e+00
2.629174096521231796e+00
2.630476480983352960e+00
2.632322736454782319e+00
2.633477225087372808e+00
2.634559131129871279e+00
2.636388624472390863e+00
2.638035710025381508e+00
2.639704272760731385e+00
2.641044501245947806e+00
2.642579908132421274e+00
2.644138010140104633e+00
2.645167818598639808e+00
2.646606540843494226e+00
2.648476504456487302e+00
2.650220715073025257e+00
2.652037210847377757e+00
2.653870559013815633e+00
2.655488647687513026e+00
2.656588240281899438e+00
2.658289492648198138e+00
2.659971065553640823e+00
2.661699899853064544e+00
2.663614784370075039e+00
2.664883047987860909e+00
2.666368364445351968e+00
2.667657584747195720e+00
2.668834746581161710e+00
2.670118061096924400e+00
2.671535817521324851e+00
2.672946575880299047e+00
2.674447585927623994e+00
2.675918395556063256e+00
2.677580967487965591e+00
2.679313163755064675e+00
2.680838449157700420e+00
2.682393199098514369e+00
2.683669806488273135e+00
2.685398573211137840e+00
2.686977798611649426e+00
2.688265201555052553e+00
2.689444960652702221e+00
2.690717553769074399e+00
2.692705493041158249e+00
2.694469222639527040e+00
2.695766673999472118e+00
2.697391177622556757e+00
2.698654253162894090e+00
2.700071759410199057e+00
2.701516580021930292e+00
2.703149325813415160e+00
2.704657482893425335e+00
2.706268202828317371e+00
2.707713391917323520e+00
2.709145384232045650e+00
2.711105034503254796e+00
2.712709169630753259e+00
2.714144857516375797e+00
2.715816264026588822e+00
2.717456160550191679e+00
2.719034089823256117e+00
2.720639429567786483e+00
2.722788498248891464e+00
2.724165503007021538e+00
2.725597933155071484e+00
2.726981737135161232e+00
2.728001266898214983e+00
2.729476055643705656e+00
2.731159128716417861e+00
2.732635340358608111e+00
2.734188594518587312e+00
2.735224279373126510e+00
2.736961877493179429e+00
2.738413336404611709e+00
2.740061335120667518e+00
2.741273977799406847e+00
2.743174656822179536e+00
2.744480360408878550e+00
2.745909419976787280e+00
2.747058629369799387e+00
2.748461941553060672e+00
2.750084113151786802e+00
2.751797548248766656e+00
2.753592081686434323e+00
2.755351151739885207e+00
2.756878658351595401e+00
2.758204794693943640e+00
2.759785242873218358e+00
2.760962520477301396e+00
2.762455646954151689e+00
2.764146772904068516e+00
2.765468879710439865e+00
2.767220066466685946e+00
2.768358230596364766e+00
2.769649466879759547e+00
2.771302743935132540e+00
2.772851515380940768e+00
2.774387758402861781e+00
2.775892298418892512e+00
2.777484845571703165e+00
2.779030356175429706e+00
2.780594261963903246e+00
2.781992085423579120e+00
2.783130184011417096e+00
2.784896472923787947e+00
2.786648836113938543e+00
2.788246008239681828e+00
2.789945435166211407e+00
2.790962977502192022e+00
2.793074028017909161e+00
2.794237249000668388e+00
2.795484347194848507e+00
2.797022104110294727e+00
2.798309461672332965e+00
2.800269255893989673e+00
2.802150518811082236e+00
2.803507205626783794e+00
2.805451549850932924e+00
2.807131646504673839e+00
2.808426988362652033e+00
2.810164259843316081e+00
2.811882937360987267e+00
2.813394809130774998e+00
2.814540282986081277e+00
2.816082941297022746e+00
2.817460235365497834e+00
2.819021281298789372e+00
2.820944032883027308e+00
2.822058896415799545e+00
2.823254785392005584e+00
2.824652396715633618e+00
2.826755935512161422e+00
2.828618705445147707e+00
2.830040813707077607e+00
2.831433368620779767e+00
2.832944429304667278e+00
2.834639765902829733e+00
2.836047854312616412e+00
2.837731374488414726e+00
2.839192415364401700e+00
2.841188482641633595e+00
2.842923417561365351e+00
2.844594378746202690e+00
2.846289361259325634e+00
2.847749628009519807e+00
2.849212879485777616e+00
2.850717829366698375e+00
2.852275876323131953e+00
2.853561373223898467e+00
2.854520579474266295e+00
2.855739354238135963e+00
2.857294655696507313e+00
2.858630121135005808e+00
2.860952598136770941e+00
2.862468259092530776e+00
2.864553539991675279e+00
2.865718146038932712e+00
2.868101284319671151e+00
2.869770930171317680e+00
2.870816706812510333e+00
2.872570281345862231e+00
2.873940133170409528e+00
2.875368665529762779e+00
2.876862742704579645e+00
2.878537349263123879e+00
2.880497547097248034e+00
2.882107507257795742e+00
2.883740803162258448e+00
2.885468916044035659e+00
2.887371954650243655e+00
2.888827150876909666e+00
2.889830758344187345e+00
2.891840648313139805e+00
2.893921114463240407e+00
2.895249961464608557e+00
2.897239162354289022e+00
2.898648056306329046e+00
2.900169262151895300e+00
2.901870073250762516e+00
2.903391274180446846e+00
2.904555411171349188e+00
2.906265975040057903e+00
2.907979271187917991e+00
2.909968135227158914e+00
2.911874248097084283e+00
2.912864227178774357e+00
2.914473031606465536e+00
2.915796267240765793e+00
2.918053867639835541e+00
2.920266887707512193e+00
2.921806595525388239e+00
2.922900446949716180e+00
2.925124073215883858e+00
2.927161840747940058e+00
2.929390241808713657e+00
2.931256952662610882e+00
2.932998854684605305e+00
2.934359164170870837e+00
2.935790849066466812e+00
2.937125431908839346e+00
2.938602865066037850e+00
2.939922583393554945e+00
2.941701492444430688e+00
2.943636027636592267e+00
2.944865307230722262e+00
2.946340982737980951e+00
2.947637725562608058e+00
2.948628185557759185e+00
2.950239780068586004e+00
2.951176116138620298e+00
2.952372428834676210e+00
2.954080123937687485e+00
2.955956843509902399e+00
2.957489648862879239e+00
2.959006774303055032e+00
2.960860045801672946e+00
2.962528733844828288e+00
2.964302873844775199e+00
2.966054890130775945e+00
2.967404595992406247e+00
2.969016204000102910e+00
2.970517371689316288e+00
2.973266436917703537e+00
2.974392368274961118e+00
2.975603674653946928e+00
2.977307098360129523e+00
2.978707146872316525e+00
2.980021462151275280e+00
2.981568254650052374e+00
2.983095838568786018e+00
2.984731285084666119e+00
2.986205841984808540e+00
2.987969845747009412e+00
2.990085724669251821e+00
2.992256787872703327e+00
2.994041228713175240e+00
2.995762015373280462e+00
2.997302800009471913e+00
2.998984980812505974e+00
3.000529721732744903e+00
3.001977902302114476e+00
3.003916531842081739e+00
3.005271055870501584e+00
3.007059090626877040e+00
3.008607130502700233e+00
3.009959420527630325e+00
3.011837891026993397e+00
3.013225596598578804e+00
3.014384218305044438e+00
3.016005132400876310e+00
3.017527971082686999e+00
3.019357201462770757e+00
3.020954865650791632e+00
3.022596850712742977e+00
3.024251017853596402e+00
3.025950500668727283e+00
3.027296832772769619e+00
3.029269272517669531e+00
3.030974322748722916e+00
3.032816834034178566e+00
3.034986569209177976e+00
3.036806574457203034e+00
3.038644476279409812e+00
3.040672654908816774e+00
3.041922650712181042e+00
3.043546963828897223e+00
3.045185570983460543e+00
3.046937821487007092e+00
3.048299832734953529e+00
3.049480760682021341e+00
3.051142730404578174e+00
3.052663665631487611e+00
3.054337166576976959e+00
3.055628945706292843e+00
3.057901000490361731e+00
3.059299438120508530e+00
3.061528072854490912e+00
3.062920305708790814e+00
3.064712240488554063e+00
3.065755218246582370e+00
3.067801233894007495e+00
3.069325657350573167e+00
3.070722590712845257e+00
3.072664896312654381e+00
3.074107666150470930e+00
3.075779811585333867e+00
3.078261294184243102e+00
3.079511439928131811e+00
3.080865670264423706e+00
3.082988419818500692e+00
3.084613140909225226e+00
3.087794150996396869e+00
3.089131143809086044e+00
3.090387453135082563e+00
3.091855220658970449e+00
3.093881465934962272e+00
3.095459202525108644e+00
3.096925573118952002e+00
3.098349820416911093e+00
3.099976884988721704e+00
3.101529098749196578e+00
3.103122204281931751e+00
3.104320894855761015e+00
3.106114324981783970e+00
3.107940031073182841e+00
3.109777666651000860e+00
3.110928666544755306e+00
3.112203986181449888e+00
3.113765626987093693e+00
3.115905719570944310e+00
3.117246002807810168e+00
3.119165013718583790e+00
3.120549630642875716e+00
3.122402313914724559e+00
3.124804163780531052e+00
3.126534156217525950e+00
3.128465200487188458e+00
3.129505791799834125e+00
3.131219462460946623e+00
3.132526925967598075e+00
3.133957933719856648e+00
3.135715211673198777e+00
3.137293584860673779e+00
3.138632301313637907e+00
3.140338489435413827e+00
3.142076562016948849e+00
3.144082631337647982e+00
3.146331700610639714e+00
3.148012043258705983e+00
3.150322684822889574e+00
3.152043846057836607e+00
3.153430597317678608e+00
3.155175605149239004e+00
3.157458105239235202e+00
3.159344609737123388e+00
3.161170935867448684e+00
3.162951482061063579e+00
3.164527665766301290e+00
3.165888587328262727e+00
3.168233045689542671e+00
3.169860769974909065e+00
3.171368729652729979e+00
3.173215667811008611e+00
3.174947000641182182e+00
3.176814981857530196e+00
3.178437391228721598e+00
3.179585017915179890e+00
3.182335113764807044e+00
3.184535738237119329e+00
3.186256311482726478e+00
3.187221746362481678e+00
3.189090661273828786e+00
3.191054100762622525e+00
3.192694275883421806e+00
3.194641467335157081e+00
3.195946568245737307e+00
3.197333414551819963e+00
3.199334495418242330e+00
3.200895205779180408e+00
3.202717714523862114e+00
3.204836895578885070e+00
3.205888443276387445e+00
3.207957505032745793e+00
3.209791727655674887e+00
3.211906895155582919e+00
3.213593810289984365e+00
3.215589628940441980e+00
3.217694617301945392e+00
3.218875039508042768e+00
3.221778626220410224e+00
3.223108560759007535e+00
3.225607023866158052e+00
3.227571245624953011e+00
3.229258015942669147e+00
3.231005348901909269e+00
3.232916028583282753e+00
3.234705127799181401e+00
3.236199863089234352e+00
3.238613008349192857e+00
3.240414990852244159e+00
3.241911751541786568e+00
3.243520719248090156e+00
3.244933451587646456e+00
3.246364656579517227e+00
3.247562253160744650e+00
3.249504154632707920e+00
3.251129972719019712e+00
3.253053581990899890e+00
3.255336327401480379e+00
3.257311730555865648e+00
3.258844897620591485e+00
3.260678669464350143e+00
3.262479678582939080e+00
3.264738385052638137e+00
3.266377210817833721e+00
3.268027966251993988e+00
3.269943062763100095e+00
3.271831350046171316e+00
3.273791566877595649e+00
3.275299918796507725e+00
3.278270805858142456e+00
3.279541321992637926e+00
3.281504499201117753e+00
3.283510854135740953e+00
3.285435932881749732e+00
3.287291848534178218e+00
3.289223926116151109e+00
3.291082310165001967e+00
3.292703328918724193e+00
3.294379243260596279e+00
3.296143636786347475e+00
3.299882502580177679e+00
3.301315987299390464e+00
3.302916850297591189e+00
3.305191022215860919e+00
3.306711301637089484e+00
3.308927105273597569e+00
3.310832162046607241e+00
3.312449901884945813e+00
3.314378933503353775e+00
3.316720584326863897e+00
3.318579524486536592e+00
3.320311542748226596e+00
3.322340128332536224e+00
3.323857585812290516e+00
3.326726022794573190e+00
3.329332655612971426e+00
3.332291411529455960e+00
3.334662644709568191e+00
3.337253714047692110e+00
3.340244882393414994e+00
3.342310336415860839e+00
3.345091376194467170e+00
3.346996025325212010e+00
3.349597631860229185e+00
3.352161454487218695e+00
3.354922749604550170e+00
3.356324168383226336e+00
3.358344972151680263e+00
3.359683899985820066e+00
3.361955329831506578e+00
3.364307954660038735e+00
3.367391761283577534e+00
3.369045471862242902e+00
3.371908974944422877e+00
3.374207456737095434e+00
3.376364104441357039e+00
3.378765097573606546e+00
3.381369844893717058e+00
3.384377429577583918e+00
3.386386906454868839e+00
3.388608252981932356e+00
3.391164767417610637e+00
3.393848405589709571e+00
3.396744092033666895e+00
3.399421617963090725e+00
3.401405761393462512e+00
3.403372771950686992e+00
3.407419064014542975e+00
3.409824407861806073e+00
3.412459773121854667e+00
3.414343097612354327e+00
3.416888360327414720e+00
3.418915880869664470e+00
3.421889164858881394e+00
3.423996952847827124e+00
3.427432552627029505e+00
3.430300071462952349e+00
3.432933015692492873e+00
3.436273665702048508e+00
3.439141703405512285e+00
3.442600242420355894e+00
3.444571252145439466e+00
3.448596884907417337e+00
3.452286523837298837e+00
3.454146056635611917e+00
3.456721217189953510e+00
3.458881595342896631e+00
3.462525344901931312e+00
3.464859717948948425e+00
3.470040220476230175e+00
3.472752314101668958e+00
3.477068947360892004e+00
3.480360793076621384e+00
3.484123748573070056e+00
3.487303673614279287e+00
3.492190418810165120e+00
3.494282315621270119e+00
3.498415733220363588e+00
3.504317448031825766e+00
3.509005422577708533e+00
3.515424202604115589e+00
3.522014007845586381e+00
3.527878293717785052e+00
3.532027028993006024e+00
3.536699520921458895e+00
3.541677247544429807e+00
3.547093814594696415e+00
3.554987426003521911e+00
3.559740168264569071e+00
3.567799440636865604e+00
3.575195810534520735e+00
3.587684100287455102e+00
3.596134442286692323e+00
3.603395976643307907e+00
3.621024403098438871e+00
3.637106778725237799e+00
3.676193048802633090e+00
